# Iteration RMS error
     1    1.00000    
     2   0.101134    
     3   0.102632    
     4   0.102939    
     5   0.103214    
     6   0.103553    
     7   0.103822    
     8   0.103942    
     9   0.103869    
    10   0.103588    
    11   0.103074    
    12   0.102441    
    13   0.101776    
    14   0.101086    
    15   0.100381    
    16   0.996605E-01
    17   0.989304E-01
    18   0.981942E-01
    19   0.974537E-01
    20   0.967124E-01
    21   0.959726E-01
    22   0.952370E-01
    23   0.945063E-01
    24   0.937829E-01
    25   0.930676E-01
    26   0.923560E-01
    27   0.916464E-01
    28   0.909478E-01
    29   0.902522E-01
    30   0.895592E-01
    31   0.888694E-01
    32   0.881197E-01
    33   0.872954E-01
    34   0.864623E-01
    35   0.856407E-01
    36   0.848285E-01
    37   0.840148E-01
    38   0.831978E-01
    39   0.823842E-01
    40   0.815658E-01
    41   0.807376E-01
    42   0.799066E-01
    43   0.790658E-01
    44   0.782131E-01
    45   0.773598E-01
    46   0.765172E-01
    47   0.756833E-01
    48   0.748631E-01
    49   0.740572E-01
    50   0.732673E-01
    51   0.725198E-01
    52   0.717970E-01
    53   0.711030E-01
    54   0.704350E-01
    55   0.697874E-01
    56   0.691676E-01
    57   0.685684E-01
    58   0.679925E-01
    59   0.674384E-01
    60   0.669082E-01
    61   0.664008E-01
    62   0.659187E-01
    63   0.654560E-01
    64   0.650114E-01
    65   0.645845E-01
    66   0.641794E-01
    67   0.637951E-01
    68   0.634278E-01
    69   0.630914E-01
    70   0.627831E-01
    71   0.624804E-01
    72   0.622008E-01
    73   0.619397E-01
    74   0.616980E-01
    75   0.614525E-01
    76   0.612279E-01
    77   0.610175E-01
    78   0.608258E-01
    79   0.606572E-01
    80   0.605128E-01
    81   0.603784E-01
    82   0.602597E-01
    83   0.601442E-01
    84   0.600371E-01
    85   0.599455E-01
    86   0.598524E-01
    87   0.597688E-01
    88   0.597002E-01
    89   0.596305E-01
    90   0.595745E-01
    91   0.595163E-01
    92   0.594684E-01
    93   0.594197E-01
    94   0.593769E-01
    95   0.593305E-01
    96   0.592884E-01
    97   0.592456E-01
    98   0.592033E-01
    99   0.591584E-01
   100   0.591034E-01
   101   0.590490E-01
   102   0.589886E-01
   103   0.589338E-01
   104   0.588796E-01
   105   0.588240E-01
   106   0.587752E-01
   107   0.587228E-01
   108   0.586656E-01
   109   0.586011E-01
   110   0.585462E-01
   111   0.585022E-01
   112   0.584476E-01
   113   0.583848E-01
   114   0.583178E-01
   115   0.582562E-01
   116   0.581968E-01
   117   0.581232E-01
   118   0.580590E-01
   119   0.579984E-01
   120   0.579298E-01
   121   0.578659E-01
   122   0.577987E-01
   123   0.577263E-01
   124   0.576566E-01
   125   0.575644E-01
   126   0.574712E-01
   127   0.573726E-01
   128   0.572664E-01
   129   0.571474E-01
   130   0.570175E-01
   131   0.568846E-01
   132   0.567644E-01
   133   0.566378E-01
   134   0.565212E-01
   135   0.564059E-01
   136   0.562958E-01
   137   0.561834E-01
   138   0.560760E-01
   139   0.559580E-01
   140   0.558479E-01
   141   0.557375E-01
   142   0.556282E-01
   143   0.555312E-01
   144   0.554236E-01
   145   0.553087E-01
   146   0.551998E-01
   147   0.551039E-01
   148   0.550208E-01
   149   0.549309E-01
   150   0.548562E-01
   151   0.547984E-01
   152   0.547480E-01
   153   0.546936E-01
   154   0.546528E-01
   155   0.546066E-01
   156   0.545459E-01
   157   0.544983E-01
   158   0.544395E-01
   159   0.543713E-01
   160   0.543129E-01
   161   0.542512E-01
   162   0.541899E-01
   163   0.541382E-01
   164   0.540729E-01
   165   0.540159E-01
   166   0.539540E-01
   167   0.538790E-01
   168   0.538099E-01
   169   0.537365E-01
   170   0.536748E-01
   171   0.536079E-01
   172   0.535400E-01
   173   0.534584E-01
   174   0.533656E-01
   175   0.532731E-01
   176   0.531909E-01
   177   0.531177E-01
   178   0.530566E-01
   179   0.529863E-01
   180   0.529253E-01
   181   0.528700E-01
   182   0.528140E-01
   183   0.527498E-01
   184   0.526828E-01
   185   0.526185E-01
   186   0.525495E-01
   187   0.524720E-01
   188   0.523900E-01
   189   0.522987E-01
   190   0.522091E-01
   191   0.521194E-01
   192   0.520376E-01
   193   0.519624E-01
   194   0.518850E-01
   195   0.518129E-01
   196   0.517455E-01
   197   0.516695E-01
   198   0.515846E-01
   199   0.514952E-01
   200   0.514061E-01
   201   0.513265E-01
   202   0.512427E-01
   203   0.511578E-01
   204   0.510738E-01
   205   0.509765E-01
   206   0.508629E-01
   207   0.507597E-01
   208   0.506693E-01
   209   0.505923E-01
   210   0.505200E-01
   211   0.504455E-01
   212   0.503680E-01
   213   0.503009E-01
   214   0.502385E-01
   215   0.501773E-01
   216   0.501126E-01
   217   0.500444E-01
   218   0.499843E-01
   219   0.499106E-01
   220   0.498349E-01
   221   0.497527E-01
   222   0.496784E-01
   223   0.496091E-01
   224   0.495477E-01
   225   0.494803E-01
   226   0.494184E-01
   227   0.493629E-01
   228   0.493029E-01
   229   0.492368E-01
   230   0.491712E-01
   231   0.491129E-01
   232   0.490499E-01
   233   0.489887E-01
   234   0.489368E-01
   235   0.488850E-01
   236   0.488206E-01
   237   0.487498E-01
   238   0.486679E-01
   239   0.485948E-01
   240   0.485268E-01
   241   0.484606E-01
   242   0.484005E-01
   243   0.483343E-01
   244   0.482681E-01
   245   0.482105E-01
   246   0.481573E-01
   247   0.481031E-01
   248   0.480529E-01
   249   0.479968E-01
   250   0.479443E-01
   251   0.478817E-01
   252   0.478134E-01
   253   0.477492E-01
   254   0.476730E-01
   255   0.475873E-01
   256   0.475039E-01
   257   0.474304E-01
   258   0.473562E-01
   259   0.472871E-01
   260   0.472282E-01
   261   0.471596E-01
   262   0.470862E-01
   263   0.470131E-01
   264   0.469462E-01
   265   0.468854E-01
   266   0.468281E-01
   267   0.467681E-01
   268   0.467125E-01
   269   0.466588E-01
   270   0.465977E-01
   271   0.465273E-01
   272   0.464471E-01
   273   0.463685E-01
   274   0.462959E-01
   275   0.462376E-01
   276   0.461849E-01
   277   0.461287E-01
   278   0.460657E-01
   279   0.460081E-01
   280   0.459582E-01
   281   0.459133E-01
   282   0.458696E-01
   283   0.458235E-01
   284   0.457710E-01
   285   0.457119E-01
   286   0.456517E-01
   287   0.455950E-01
   288   0.455425E-01
   289   0.454843E-01
   290   0.454048E-01
   291   0.453320E-01
   292   0.452668E-01
   293   0.452045E-01
   294   0.451403E-01
   295   0.450640E-01
   296   0.449919E-01
   297   0.449273E-01
   298   0.448687E-01
   299   0.448141E-01
   300   0.447543E-01
   301   0.446982E-01
   302   0.446462E-01
   303   0.445952E-01
   304   0.445419E-01
   305   0.444882E-01
   306   0.444293E-01
   307   0.443622E-01
   308   0.442969E-01
   309   0.442356E-01
   310   0.441771E-01
   311   0.441143E-01
   312   0.440479E-01
   313   0.439821E-01
   314   0.439223E-01
   315   0.438673E-01
   316   0.438168E-01
   317   0.437710E-01
   318   0.437159E-01
   319   0.436499E-01
   320   0.435831E-01
   321   0.435214E-01
   322   0.434660E-01
   323   0.434157E-01
   324   0.433599E-01
   325   0.433044E-01
   326   0.432521E-01
   327   0.431919E-01
   328   0.431314E-01
   329   0.430721E-01
   330   0.429966E-01
   331   0.429262E-01
   332   0.428590E-01
   333   0.427968E-01
   334   0.427393E-01
   335   0.426883E-01
   336   0.426374E-01
   337   0.425919E-01
   338   0.425407E-01
   339   0.424818E-01
   340   0.424273E-01
   341   0.423789E-01
   342   0.423332E-01
   343   0.422818E-01
   344   0.422336E-01
   345   0.421934E-01
   346   0.421568E-01
   347   0.421048E-01
   348   0.420478E-01
   349   0.419921E-01
   350   0.419361E-01
   351   0.418810E-01
   352   0.418280E-01
   353   0.417766E-01
   354   0.417325E-01
   355   0.416672E-01
   356   0.415993E-01
   357   0.415371E-01
   358   0.414808E-01
   359   0.414304E-01
   360   0.413850E-01
   361   0.413428E-01
   362   0.412968E-01
   363   0.412471E-01
   364   0.412026E-01
   365   0.411466E-01
   366   0.410835E-01
   367   0.410257E-01
   368   0.409691E-01
   369   0.409120E-01
   370   0.408591E-01
   371   0.408047E-01
   372   0.407531E-01
   373   0.407029E-01
   374   0.406557E-01
   375   0.406027E-01
   376   0.405462E-01
   377   0.404937E-01
   378   0.404477E-01
   379   0.404065E-01
   380   0.403530E-01
   381   0.403039E-01
   382   0.402575E-01
   383   0.402125E-01
   384   0.401638E-01
   385   0.401162E-01
   386   0.400727E-01
   387   0.400190E-01
   388   0.399679E-01
   389   0.399210E-01
   390   0.398763E-01
   391   0.398312E-01
   392   0.397701E-01
   393   0.397045E-01
   394   0.396437E-01
   395   0.395874E-01
   396   0.395359E-01
   397   0.394883E-01
   398   0.394420E-01
   399   0.393986E-01
   400   0.393586E-01
   401   0.393209E-01
   402   0.392805E-01
   403   0.392277E-01
   404   0.391696E-01
   405   0.391146E-01
   406   0.390631E-01
   407   0.390189E-01
   408   0.389781E-01
   409   0.389417E-01
   410   0.388986E-01
   411   0.388590E-01
   412   0.388196E-01
   413   0.387717E-01
   414   0.387266E-01
   415   0.386810E-01
   416   0.386377E-01
   417   0.385962E-01
   418   0.385457E-01
   419   0.384928E-01
   420   0.384442E-01
   421   0.383991E-01
   422   0.383542E-01
   423   0.383022E-01
   424   0.382524E-01
   425   0.382045E-01
   426   0.381630E-01
   427   0.381271E-01
   428   0.380869E-01
   429   0.380456E-01
   430   0.379954E-01
   431   0.379434E-01
   432   0.378959E-01
   433   0.378516E-01
   434   0.378021E-01
   435   0.377477E-01
   436   0.376968E-01
   437   0.376499E-01
   438   0.376062E-01
   439   0.375654E-01
   440   0.375298E-01
   441   0.374860E-01
   442   0.374383E-01
   443   0.373942E-01
   444   0.373437E-01
   445   0.372914E-01
   446   0.372444E-01
   447   0.372018E-01
   448   0.371614E-01
   449   0.371227E-01
   450   0.370863E-01
   451   0.370525E-01
   452   0.370142E-01
   453   0.369630E-01
   454   0.369123E-01
   455   0.368645E-01
   456   0.368198E-01
   457   0.367749E-01
   458   0.367230E-01
   459   0.366720E-01
   460   0.366200E-01
   461   0.365679E-01
   462   0.365182E-01
   463   0.364709E-01
   464   0.364283E-01
   465   0.363827E-01
   466   0.363374E-01
   467   0.362948E-01
   468   0.362567E-01
   469   0.362182E-01
   470   0.361659E-01
   471   0.361110E-01
   472   0.360590E-01
   473   0.360103E-01
   474   0.359639E-01
   475   0.359208E-01
   476   0.358787E-01
   477   0.358390E-01
   478   0.357979E-01
   479   0.357536E-01
   480   0.357121E-01
   481   0.356717E-01
   482   0.356248E-01
   483   0.355795E-01
   484   0.355360E-01
   485   0.354857E-01
   486   0.354339E-01
   487   0.353816E-01
   488   0.353326E-01
   489   0.352846E-01
   490   0.352396E-01
   491   0.351967E-01
   492   0.351558E-01
   493   0.351175E-01
   494   0.350778E-01
   495   0.350409E-01
   496   0.349990E-01
   497   0.349504E-01
   498   0.348990E-01
   499   0.348450E-01
   500   0.347939E-01
   501   0.347464E-01
   502   0.347024E-01
   503   0.346581E-01
   504   0.346152E-01
   505   0.345704E-01
   506   0.345248E-01
   507   0.344813E-01
   508   0.344405E-01
   509   0.344012E-01
   510   0.343645E-01
   511   0.343255E-01
   512   0.342863E-01
   513   0.342399E-01
   514   0.341935E-01
   515   0.341502E-01
   516   0.341068E-01
   517   0.340587E-01
   518   0.340133E-01
   519   0.339688E-01
   520   0.339271E-01
   521   0.338880E-01
   522   0.338513E-01
   523   0.338155E-01
   524   0.337746E-01
   525   0.337355E-01
   526   0.336961E-01
   527   0.336480E-01
   528   0.335974E-01
   529   0.335503E-01
   530   0.335046E-01
   531   0.334614E-01
   532   0.334210E-01
   533   0.333835E-01
   534   0.333447E-01
   535   0.333045E-01
   536   0.332649E-01
   537   0.332258E-01
   538   0.331882E-01
   539   0.331533E-01
   540   0.331204E-01
   541   0.330755E-01
   542   0.330270E-01
   543   0.329814E-01
   544   0.329377E-01
   545   0.328946E-01
   546   0.328537E-01
   547   0.328152E-01
   548   0.327753E-01
   549   0.327349E-01
   550   0.326978E-01
   551   0.326603E-01
   552   0.326213E-01
   553   0.325777E-01
   554   0.325360E-01
   555   0.324983E-01
   556   0.324633E-01
   557   0.324207E-01
   558   0.323761E-01
   559   0.323342E-01
   560   0.322944E-01
   561   0.322567E-01
   562   0.322205E-01
   563   0.321854E-01
   564   0.321518E-01
   565   0.321168E-01
   566   0.320811E-01
   567   0.320457E-01
   568   0.320122E-01
   569   0.319822E-01
   570   0.319511E-01
   571   0.319143E-01
   572   0.318717E-01
   573   0.318301E-01
   574   0.317902E-01
   575   0.317525E-01
   576   0.317176E-01
   577   0.316849E-01
   578   0.316528E-01
   579   0.316195E-01
   580   0.315867E-01
   581   0.315525E-01
   582   0.315181E-01
   583   0.314793E-01
   584   0.314387E-01
   585   0.313993E-01
   586   0.313625E-01
   587   0.313236E-01
   588   0.312825E-01
   589   0.312406E-01
   590   0.312002E-01
   591   0.311617E-01
   592   0.311243E-01
   593   0.310885E-01
   594   0.310545E-01
   595   0.310231E-01
   596   0.309933E-01
   597   0.309652E-01
   598   0.309355E-01
   599   0.309064E-01
   600   0.308774E-01
   601   0.308449E-01
   602   0.308106E-01
   603   0.307758E-01
   604   0.307374E-01
   605   0.307016E-01
   606   0.306664E-01
   607   0.306328E-01
   608   0.306008E-01
   609   0.305692E-01
   610   0.305390E-01
   611   0.305106E-01
   612   0.304831E-01
   613   0.304551E-01
   614   0.304257E-01
   615   0.303972E-01
   616   0.303666E-01
   617   0.303353E-01
   618   0.303045E-01
   619   0.302661E-01
   620   0.302275E-01
   621   0.301895E-01
   622   0.301496E-01
   623   0.301099E-01
   624   0.300725E-01
   625   0.300367E-01
   626   0.300032E-01
   627   0.299714E-01
   628   0.299415E-01
   629   0.299124E-01
   630   0.298851E-01
   631   0.298569E-01
   632   0.298303E-01
   633   0.298011E-01
   634   0.297677E-01
   635   0.297345E-01
   636   0.296991E-01
   637   0.296624E-01
   638   0.296271E-01
   639   0.295933E-01
   640   0.295600E-01
   641   0.295281E-01
   642   0.294981E-01
   643   0.294687E-01
   644   0.294403E-01
   645   0.294132E-01
   646   0.293869E-01
   647   0.293607E-01
   648   0.293328E-01
   649   0.293043E-01
   650   0.292741E-01
   651   0.292408E-01
   652   0.292046E-01
   653   0.291705E-01
   654   0.291385E-01
   655   0.291077E-01
   656   0.290761E-01
   657   0.290453E-01
   658   0.290151E-01
   659   0.289861E-01
   660   0.289587E-01
   661   0.289317E-01
   662   0.289056E-01
   663   0.288808E-01
   664   0.288564E-01
   665   0.288328E-01
   666   0.288093E-01
   667   0.287869E-01
   668   0.287595E-01
   669   0.287306E-01
   670   0.286982E-01
   671   0.286623E-01
   672   0.286282E-01
   673   0.285948E-01
   674   0.285624E-01
   675   0.285315E-01
   676   0.285021E-01
   677   0.284743E-01
   678   0.284478E-01
   679   0.284227E-01
   680   0.283988E-01
   681   0.283737E-01
   682   0.283483E-01
   683   0.283223E-01
   684   0.282975E-01
   685   0.282731E-01
   686   0.282441E-01
   687   0.282119E-01
   688   0.281797E-01
   689   0.281476E-01
   690   0.281170E-01
   691   0.280872E-01
   692   0.280562E-01
   693   0.280257E-01
   694   0.279967E-01
   695   0.279691E-01
   696   0.279418E-01
   697   0.279160E-01
   698   0.278918E-01
   699   0.278683E-01
   700   0.278441E-01
   701   0.278213E-01
   702   0.277980E-01
   703   0.277768E-01
   704   0.277539E-01
   705   0.277281E-01
   706   0.276982E-01
   707   0.276697E-01
   708   0.276425E-01
   709   0.276163E-01
   710   0.275892E-01
   711   0.275608E-01
   712   0.275324E-01
   713   0.275041E-01
   714   0.274765E-01
   715   0.274501E-01
   716   0.274250E-01
   717   0.274002E-01
   718   0.273758E-01
   719   0.273503E-01
   720   0.273241E-01
   721   0.272986E-01
   722   0.272725E-01
   723   0.272435E-01
   724   0.272151E-01
   725   0.271870E-01
   726   0.271587E-01
   727   0.271302E-01
   728   0.271011E-01
   729   0.270709E-01
   730   0.270417E-01
   731   0.270140E-01
   732   0.269875E-01
   733   0.269608E-01
   734   0.269348E-01
   735   0.269100E-01
   736   0.268855E-01
   737   0.268620E-01
   738   0.268399E-01
   739   0.268190E-01
   740   0.267993E-01
   741   0.267806E-01
   742   0.267622E-01
   743   0.267367E-01
   744   0.267088E-01
   745   0.266808E-01
   746   0.266534E-01
   747   0.266275E-01
   748   0.266029E-01
   749   0.265792E-01
   750   0.265562E-01
   751   0.265339E-01
   752   0.265127E-01
   753   0.264915E-01
   754   0.264706E-01
   755   0.264499E-01
   756   0.264289E-01
   757   0.264078E-01
   758   0.263854E-01
   759   0.263626E-01
   760   0.263398E-01
   761   0.263147E-01
   762   0.262869E-01
   763   0.262595E-01
   764   0.262328E-01
   765   0.262070E-01
   766   0.261818E-01
   767   0.261567E-01
   768   0.261302E-01
   769   0.261021E-01
   770   0.260732E-01
   771   0.260438E-01
   772   0.260148E-01
   773   0.259867E-01
   774   0.259601E-01
   775   0.259345E-01
   776   0.259103E-01
   777   0.258873E-01
   778   0.258650E-01
   779   0.258430E-01
   780   0.258215E-01
   781   0.258006E-01
   782   0.257802E-01
   783   0.257574E-01
   784   0.257321E-01
   785   0.257061E-01
   786   0.256814E-01
   787   0.256569E-01
   788   0.256323E-01
   789   0.256085E-01
   790   0.255842E-01
   791   0.255609E-01
   792   0.255386E-01
   793   0.255172E-01
   794   0.254968E-01
   795   0.254773E-01
   796   0.254584E-01
   797   0.254387E-01
   798   0.254171E-01
   799   0.253941E-01
   800   0.253719E-01
   801   0.253489E-01
   802   0.253266E-01
   803   0.253018E-01
   804   0.252770E-01
   805   0.252530E-01
   806   0.252294E-01
   807   0.252058E-01
   808   0.251821E-01
   809   0.251591E-01
   810   0.251352E-01
   811   0.251108E-01
   812   0.250852E-01
   813   0.250587E-01
   814   0.250323E-01
   815   0.250061E-01
   816   0.249807E-01
   817   0.249561E-01
   818   0.249322E-01
   819   0.249085E-01
   820   0.248856E-01
   821   0.248628E-01
   822   0.248408E-01
   823   0.248187E-01
   824   0.247966E-01
   825   0.247750E-01
   826   0.247495E-01
   827   0.247252E-01
   828   0.246985E-01
   829   0.246702E-01
   830   0.246436E-01
   831   0.246181E-01
   832   0.245937E-01
   833   0.245700E-01
   834   0.245471E-01
   835   0.245231E-01
   836   0.244989E-01
   837   0.244755E-01
   838   0.244520E-01
   839   0.244285E-01
   840   0.244045E-01
   841   0.243804E-01
   842   0.243560E-01
   843   0.243320E-01
   844   0.243075E-01
   845   0.242825E-01
   846   0.242563E-01
   847   0.242292E-01
   848   0.241984E-01
   849   0.241676E-01
   850   0.241365E-01
   851   0.241065E-01
   852   0.240774E-01
   853   0.240480E-01
   854   0.240187E-01
   855   0.239884E-01
   856   0.239578E-01
   857   0.239272E-01
   858   0.238963E-01
   859   0.238638E-01
   860   0.238301E-01
   861   0.237954E-01
   862   0.237611E-01
   863   0.237266E-01
   864   0.236922E-01
   865   0.236580E-01
   866   0.236236E-01
   867   0.235896E-01
   868   0.235560E-01
   869   0.235224E-01
   870   0.234882E-01
   871   0.234531E-01
   872   0.234164E-01
   873   0.233804E-01
   874   0.233445E-01
   875   0.233077E-01
   876   0.232694E-01
   877   0.232311E-01
   878   0.231925E-01
   879   0.231540E-01
   880   0.231165E-01
   881   0.230799E-01
   882   0.230444E-01
   883   0.230099E-01
   884   0.229757E-01
   885   0.229421E-01
   886   0.229068E-01
   887   0.228724E-01
   888   0.228381E-01
   889   0.228041E-01
   890   0.227698E-01
   891   0.227346E-01
   892   0.226993E-01
   893   0.226639E-01
   894   0.226285E-01
   895   0.225923E-01
   896   0.225535E-01
   897   0.225158E-01
   898   0.224778E-01
   899   0.224403E-01
   900   0.224039E-01
   901   0.223678E-01
   902   0.223325E-01
   903   0.222964E-01
   904   0.222606E-01
   905   0.222253E-01
   906   0.221907E-01
   907   0.221568E-01
   908   0.221235E-01
   909   0.220887E-01
   910   0.220522E-01
   911   0.220153E-01
   912   0.219781E-01
   913   0.219407E-01
   914   0.219035E-01
   915   0.218664E-01
   916   0.218294E-01
   917   0.217923E-01
   918   0.217559E-01
   919   0.217202E-01
   920   0.216848E-01
   921   0.216485E-01
   922   0.216121E-01
   923   0.215751E-01
   924   0.215386E-01
   925   0.215018E-01
   926   0.214640E-01
   927   0.214262E-01
   928   0.213890E-01
   929   0.213523E-01
   930   0.213157E-01
   931   0.212785E-01
   932   0.212417E-01
   933   0.212057E-01
   934   0.211700E-01
   935   0.211347E-01
   936   0.210996E-01
   937   0.210652E-01
   938   0.210313E-01
   939   0.209967E-01
   940   0.209627E-01
   941   0.209279E-01
   942   0.208930E-01
   943   0.208591E-01
   944   0.208258E-01
   945   0.207936E-01
   946   0.207621E-01
   947   0.207297E-01
   948   0.206965E-01
   949   0.206627E-01
   950   0.206299E-01
   951   0.205972E-01
   952   0.205656E-01
   953   0.205345E-01
   954   0.205029E-01
   955   0.204708E-01
   956   0.204390E-01
   957   0.204065E-01
   958   0.203750E-01
   959   0.203449E-01
   960   0.203154E-01
   961   0.202866E-01
   962   0.202585E-01
   963   0.202290E-01
   964   0.201991E-01
   965   0.201686E-01
   966   0.201385E-01
   967   0.201078E-01
   968   0.200771E-01
   969   0.200467E-01
   970   0.200165E-01
   971   0.199860E-01
   972   0.199552E-01
   973   0.199239E-01
   974   0.198929E-01
   975   0.198607E-01
   976   0.198285E-01
   977   0.197962E-01
   978   0.197639E-01
   979   0.197307E-01
   980   0.196955E-01
   981   0.196609E-01
   982   0.196271E-01
   983   0.195940E-01
   984   0.195618E-01
   985   0.195300E-01
   986   0.194988E-01
   987   0.194678E-01
   988   0.194363E-01
   989   0.194046E-01
   990   0.193736E-01
   991   0.193433E-01
   992   0.193137E-01
   993   0.192838E-01
   994   0.192544E-01
   995   0.192243E-01
   996   0.191937E-01
   997   0.191636E-01
   998   0.191336E-01
   999   0.191044E-01
  1000   0.190758E-01
  1001   0.190481E-01
  1002   0.190211E-01
  1003   0.189949E-01
  1004   0.189679E-01
  1005   0.189403E-01
  1006   0.189140E-01
  1007   0.188876E-01
  1008   0.188618E-01
  1009   0.188360E-01
  1010   0.188093E-01
  1011   0.187829E-01
  1012   0.187573E-01
  1013   0.187313E-01
  1014   0.187062E-01
  1015   0.186821E-01
  1016   0.186585E-01
  1017   0.186355E-01
  1018   0.186130E-01
  1019   0.185912E-01
  1020   0.185679E-01
  1021   0.185446E-01
  1022   0.185213E-01
  1023   0.184977E-01
  1024   0.184746E-01
  1025   0.184519E-01
  1026   0.184292E-01
  1027   0.184060E-01
  1028   0.183832E-01
  1029   0.183609E-01
  1030   0.183387E-01
  1031   0.183169E-01
  1032   0.182939E-01
  1033   0.182715E-01
  1034   0.182483E-01
  1035   0.182256E-01
  1036   0.182035E-01
  1037   0.181820E-01
  1038   0.181610E-01
  1039   0.181383E-01
  1040   0.181157E-01
  1041   0.180936E-01
  1042   0.180718E-01
  1043   0.180505E-01
  1044   0.180299E-01
  1045   0.180088E-01
  1046   0.179875E-01
  1047   0.179664E-01
  1048   0.179461E-01
  1049   0.179262E-01
  1050   0.179059E-01
  1051   0.178854E-01
  1052   0.178654E-01
  1053   0.178461E-01
  1054   0.178274E-01
  1055   0.178074E-01
  1056   0.177883E-01
  1057   0.177694E-01
  1058   0.177511E-01
  1059   0.177335E-01
  1060   0.177168E-01
  1061   0.177008E-01
  1062   0.176856E-01
  1063   0.176711E-01
  1064   0.176572E-01
  1065   0.176430E-01
  1066   0.176271E-01
  1067   0.176117E-01
  1068   0.175964E-01
  1069   0.175820E-01
  1070   0.175680E-01
  1071   0.175534E-01
  1072   0.175380E-01
  1073   0.175229E-01
  1074   0.175081E-01
  1075   0.174938E-01
  1076   0.174796E-01
  1077   0.174658E-01
  1078   0.174520E-01
  1079   0.174382E-01
  1080   0.174244E-01
  1081   0.174109E-01
  1082   0.173975E-01
  1083   0.173832E-01
  1084   0.173683E-01
  1085   0.173534E-01
  1086   0.173387E-01
  1087   0.173244E-01
  1088   0.173103E-01
  1089   0.172961E-01
  1090   0.172820E-01
  1091   0.172682E-01
  1092   0.172546E-01
  1093   0.172409E-01
  1094   0.172272E-01
  1095   0.172138E-01
  1096   0.172006E-01
  1097   0.171872E-01
  1098   0.171734E-01
  1099   0.171594E-01
  1100   0.171448E-01
  1101   0.171301E-01
  1102   0.171157E-01
  1103   0.171016E-01
  1104   0.170871E-01
  1105   0.170727E-01
  1106   0.170588E-01
  1107   0.170448E-01
  1108   0.170306E-01
  1109   0.170162E-01
  1110   0.170021E-01
  1111   0.169884E-01
  1112   0.169746E-01
  1113   0.169616E-01
  1114   0.169489E-01
  1115   0.169365E-01
  1116   0.169243E-01
  1117   0.169128E-01
  1118   0.169006E-01
  1119   0.168879E-01
  1120   0.168755E-01
  1121   0.168629E-01
  1122   0.168507E-01
  1123   0.168389E-01
  1124   0.168274E-01
  1125   0.168162E-01
  1126   0.168052E-01
  1127   0.167943E-01
  1128   0.167838E-01
  1129   0.167734E-01
  1130   0.167632E-01
  1131   0.167535E-01
  1132   0.167431E-01
  1133   0.167317E-01
  1134   0.167198E-01
  1135   0.167082E-01
  1136   0.166965E-01
  1137   0.166849E-01
  1138   0.166732E-01
  1139   0.166610E-01
  1140   0.166483E-01
  1141   0.166352E-01
  1142   0.166224E-01
  1143   0.166101E-01
  1144   0.165982E-01
  1145   0.165861E-01
  1146   0.165742E-01
  1147   0.165624E-01
  1148   0.165509E-01
  1149   0.165391E-01
  1150   0.165266E-01
  1151   0.165133E-01
  1152   0.164999E-01
  1153   0.164862E-01
  1154   0.164727E-01
  1155   0.164598E-01
  1156   0.164472E-01
  1157   0.164349E-01
  1158   0.164227E-01
  1159   0.164096E-01
  1160   0.163970E-01
  1161   0.163846E-01
  1162   0.163721E-01
  1163   0.163597E-01
  1164   0.163479E-01
  1165   0.163365E-01
  1166   0.163252E-01
  1167   0.163132E-01
  1168   0.163005E-01
  1169   0.162863E-01
  1170   0.162715E-01
  1171   0.162573E-01
  1172   0.162436E-01
  1173   0.162305E-01
  1174   0.162177E-01
  1175   0.162040E-01
  1176   0.161893E-01
  1177   0.161762E-01
  1178   0.161619E-01
  1179   0.161476E-01
  1180   0.161333E-01
  1181   0.161194E-01
  1182   0.161059E-01
  1183   0.160921E-01
  1184   0.160783E-01
  1185   0.160648E-01
  1186   0.160513E-01
  1187   0.160380E-01
  1188   0.160249E-01
  1189   0.160118E-01
  1190   0.159982E-01
  1191   0.159849E-01
  1192   0.159718E-01
  1193   0.159590E-01
  1194   0.159468E-01
  1195   0.159351E-01
  1196   0.159237E-01
  1197   0.159128E-01
  1198   0.159021E-01
  1199   0.158918E-01
  1200   0.158818E-01
  1201   0.158721E-01
  1202   0.158628E-01
  1203   0.158539E-01
  1204   0.158441E-01
  1205   0.158337E-01
  1206   0.158233E-01
  1207   0.158130E-01
  1208   0.158016E-01
  1209   0.157905E-01
  1210   0.157799E-01
  1211   0.157692E-01
  1212   0.157583E-01
  1213   0.157472E-01
  1214   0.157358E-01
  1215   0.157245E-01
  1216   0.157135E-01
  1217   0.157018E-01
  1218   0.156899E-01
  1219   0.156778E-01
  1220   0.156658E-01
  1221   0.156534E-01
  1222   0.156413E-01
  1223   0.156289E-01
  1224   0.156164E-01
  1225   0.156038E-01
  1226   0.155911E-01
  1227   0.155771E-01
  1228   0.155634E-01
  1229   0.155494E-01
  1230   0.155351E-01
  1231   0.155208E-01
  1232   0.155064E-01
  1233   0.154923E-01
  1234   0.154780E-01
  1235   0.154640E-01
  1236   0.154500E-01
  1237   0.154366E-01
  1238   0.154236E-01
  1239   0.154106E-01
  1240   0.153976E-01
  1241   0.153846E-01
  1242   0.153721E-01
  1243   0.153599E-01
  1244   0.153477E-01
  1245   0.153359E-01
  1246   0.153237E-01
  1247   0.153110E-01
  1248   0.152973E-01
  1249   0.152838E-01
  1250   0.152698E-01
  1251   0.152560E-01
  1252   0.152425E-01
  1253   0.152294E-01
  1254   0.152163E-01
  1255   0.152024E-01
  1256   0.151881E-01
  1257   0.151739E-01
  1258   0.151600E-01
  1259   0.151464E-01
  1260   0.151331E-01
  1261   0.151189E-01
  1262   0.151048E-01
  1263   0.150910E-01
  1264   0.150774E-01
  1265   0.150640E-01
  1266   0.150508E-01
  1267   0.150377E-01
  1268   0.150246E-01
  1269   0.150117E-01
  1270   0.149982E-01
  1271   0.149849E-01
  1272   0.149717E-01
  1273   0.149586E-01
  1274   0.149456E-01
  1275   0.149317E-01
  1276   0.149173E-01
  1277   0.149032E-01
  1278   0.148890E-01
  1279   0.148749E-01
  1280   0.148609E-01
  1281   0.148472E-01
  1282   0.148335E-01
  1283   0.148198E-01
  1284   0.148059E-01
  1285   0.147919E-01
  1286   0.147781E-01
  1287   0.147641E-01
  1288   0.147501E-01
  1289   0.147353E-01
  1290   0.147203E-01
  1291   0.147047E-01
  1292   0.146892E-01
  1293   0.146734E-01
  1294   0.146576E-01
  1295   0.146413E-01
  1296   0.146250E-01
  1297   0.146087E-01
  1298   0.145914E-01
  1299   0.145743E-01
  1300   0.145572E-01
  1301   0.145410E-01
  1302   0.145251E-01
  1303   0.145092E-01
  1304   0.144933E-01
  1305   0.144777E-01
  1306   0.144619E-01
  1307   0.144461E-01
  1308   0.144291E-01
  1309   0.144120E-01
  1310   0.143952E-01
  1311   0.143782E-01
  1312   0.143613E-01
  1313   0.143445E-01
  1314   0.143278E-01
  1315   0.143109E-01
  1316   0.142942E-01
  1317   0.142778E-01
  1318   0.142616E-01
  1319   0.142454E-01
  1320   0.142294E-01
  1321   0.142132E-01
  1322   0.141950E-01
  1323   0.141774E-01
  1324   0.141601E-01
  1325   0.141433E-01
  1326   0.141265E-01
  1327   0.141100E-01
  1328   0.140940E-01
  1329   0.140785E-01
  1330   0.140628E-01
  1331   0.140474E-01
  1332   0.140323E-01
  1333   0.140176E-01
  1334   0.140031E-01
  1335   0.139889E-01
  1336   0.139743E-01
  1337   0.139598E-01
  1338   0.139453E-01
  1339   0.139307E-01
  1340   0.139161E-01
  1341   0.139010E-01
  1342   0.138854E-01
  1343   0.138698E-01
  1344   0.138536E-01
  1345   0.138368E-01
  1346   0.138197E-01
  1347   0.138027E-01
  1348   0.137856E-01
  1349   0.137685E-01
  1350   0.137516E-01
  1351   0.137346E-01
  1352   0.137179E-01
  1353   0.137013E-01
  1354   0.136847E-01
  1355   0.136683E-01
  1356   0.136520E-01
  1357   0.136358E-01
  1358   0.136197E-01
  1359   0.136037E-01
  1360   0.135872E-01
  1361   0.135708E-01
  1362   0.135541E-01
  1363   0.135375E-01
  1364   0.135205E-01
  1365   0.135032E-01
  1366   0.134863E-01
  1367   0.134697E-01
  1368   0.134528E-01
  1369   0.134359E-01
  1370   0.134192E-01
  1371   0.134023E-01
  1372   0.133852E-01
  1373   0.133679E-01
  1374   0.133509E-01
  1375   0.133344E-01
  1376   0.133179E-01
  1377   0.133017E-01
  1378   0.132857E-01
  1379   0.132695E-01
  1380   0.132535E-01
  1381   0.132377E-01
  1382   0.132222E-01
  1383   0.132068E-01
  1384   0.131909E-01
  1385   0.131748E-01
  1386   0.131590E-01
  1387   0.131424E-01
  1388   0.131256E-01
  1389   0.131090E-01
  1390   0.130927E-01
  1391   0.130767E-01
  1392   0.130605E-01
  1393   0.130447E-01
  1394   0.130293E-01
  1395   0.130139E-01
  1396   0.129982E-01
  1397   0.129826E-01
  1398   0.129675E-01
  1399   0.129528E-01
  1400   0.129383E-01
  1401   0.129238E-01
  1402   0.129095E-01
  1403   0.128946E-01
  1404   0.128793E-01
  1405   0.128641E-01
  1406   0.128490E-01
  1407   0.128325E-01
  1408   0.128165E-01
  1409   0.128010E-01
  1410   0.127860E-01
  1411   0.127714E-01
  1412   0.127557E-01
  1413   0.127400E-01
  1414   0.127246E-01
  1415   0.127090E-01
  1416   0.126937E-01
  1417   0.126785E-01
  1418   0.126635E-01
  1419   0.126485E-01
  1420   0.126336E-01
  1421   0.126191E-01
  1422   0.126050E-01
  1423   0.125910E-01
  1424   0.125775E-01
  1425   0.125639E-01
  1426   0.125505E-01
  1427   0.125371E-01
  1428   0.125240E-01
  1429   0.125114E-01
  1430   0.124992E-01
  1431   0.124872E-01
  1432   0.124753E-01
  1433   0.124634E-01
  1434   0.124515E-01
  1435   0.124401E-01
  1436   0.124286E-01
  1437   0.124166E-01
  1438   0.124050E-01
  1439   0.123931E-01
  1440   0.123799E-01
  1441   0.123657E-01
  1442   0.123515E-01
  1443   0.123378E-01
  1444   0.123238E-01
  1445   0.123099E-01
  1446   0.122951E-01
  1447   0.122800E-01
  1448   0.122640E-01
  1449   0.122483E-01
  1450   0.122331E-01
  1451   0.122182E-01
  1452   0.122037E-01
  1453   0.121892E-01
  1454   0.121750E-01
  1455   0.121612E-01
  1456   0.121469E-01
  1457   0.121310E-01
  1458   0.121154E-01
  1459   0.121002E-01
  1460   0.120846E-01
  1461   0.120688E-01
  1462   0.120530E-01
  1463   0.120374E-01
  1464   0.120224E-01
  1465   0.120073E-01
  1466   0.119926E-01
  1467   0.119783E-01
  1468   0.119641E-01
  1469   0.119505E-01
  1470   0.119373E-01
  1471   0.119243E-01
  1472   0.119112E-01
  1473   0.118979E-01
  1474   0.118849E-01
  1475   0.118721E-01
  1476   0.118595E-01
  1477   0.118471E-01
  1478   0.118348E-01
  1479   0.118225E-01
  1480   0.118100E-01
  1481   0.117974E-01
  1482   0.117842E-01
  1483   0.117710E-01
  1484   0.117573E-01
  1485   0.117434E-01
  1486   0.117293E-01
  1487   0.117162E-01
  1488   0.117035E-01
  1489   0.116910E-01
  1490   0.116788E-01
  1491   0.116667E-01
  1492   0.116547E-01
  1493   0.116429E-01
  1494   0.116310E-01
  1495   0.116194E-01
  1496   0.116079E-01
  1497   0.115964E-01
  1498   0.115851E-01
  1499   0.115740E-01
  1500   0.115628E-01
  1501   0.115518E-01
  1502   0.115403E-01
  1503   0.115275E-01
  1504   0.115147E-01
  1505   0.115019E-01
  1506   0.114892E-01
  1507   0.114768E-01
  1508   0.114649E-01
  1509   0.114520E-01
  1510   0.114390E-01
  1511   0.114261E-01
  1512   0.114137E-01
  1513   0.114017E-01
  1514   0.113899E-01
  1515   0.113784E-01
  1516   0.113673E-01
  1517   0.113564E-01
  1518   0.113459E-01
  1519   0.113349E-01
  1520   0.113241E-01
  1521   0.113134E-01
  1522   0.113027E-01
  1523   0.112924E-01
  1524   0.112823E-01
  1525   0.112725E-01
  1526   0.112612E-01
  1527   0.112487E-01
  1528   0.112365E-01
  1529   0.112245E-01
  1530   0.112128E-01
  1531   0.112011E-01
  1532   0.111896E-01
  1533   0.111783E-01
  1534   0.111672E-01
  1535   0.111556E-01
  1536   0.111437E-01
  1537   0.111314E-01
  1538   0.111188E-01
  1539   0.111061E-01
  1540   0.110935E-01
  1541   0.110809E-01
  1542   0.110682E-01
  1543   0.110556E-01
  1544   0.110433E-01
  1545   0.110307E-01
  1546   0.110183E-01
  1547   0.110061E-01
  1548   0.109939E-01
  1549   0.109816E-01
  1550   0.109693E-01
  1551   0.109571E-01
  1552   0.109449E-01
  1553   0.109324E-01
  1554   0.109212E-01
  1555   0.109090E-01
  1556   0.108967E-01
  1557   0.108844E-01
  1558   0.108719E-01
  1559   0.108594E-01
  1560   0.108473E-01
  1561   0.108353E-01
  1562   0.108238E-01
  1563   0.108126E-01
  1564   0.108018E-01
  1565   0.107914E-01
  1566   0.107809E-01
  1567   0.107706E-01
  1568   0.107604E-01
  1569   0.107502E-01
  1570   0.107383E-01
  1571   0.107238E-01
  1572   0.107100E-01
  1573   0.106963E-01
  1574   0.106828E-01
  1575   0.106694E-01
  1576   0.106564E-01
  1577   0.106435E-01
  1578   0.106308E-01
  1579   0.106183E-01
  1580   0.106054E-01
  1581   0.105928E-01
  1582   0.105791E-01
  1583   0.105659E-01
  1584   0.105528E-01
  1585   0.105398E-01
  1586   0.105268E-01
  1587   0.105134E-01
  1588   0.104999E-01
  1589   0.104869E-01
  1590   0.104740E-01
  1591   0.104609E-01
  1592   0.104480E-01
  1593   0.104354E-01
  1594   0.104228E-01
  1595   0.104102E-01
  1596   0.103967E-01
  1597   0.103834E-01
  1598   0.103704E-01
  1599   0.103578E-01
  1600   0.103454E-01
  1601   0.103333E-01
  1602   0.103215E-01
  1603   0.103098E-01
  1604   0.102983E-01
  1605   0.102869E-01
  1606   0.102757E-01
  1607   0.102649E-01
  1608   0.102551E-01
  1609   0.102445E-01
  1610   0.102335E-01
  1611   0.102229E-01
  1612   0.102125E-01
  1613   0.102027E-01
  1614   0.101932E-01
  1615   0.101840E-01
  1616   0.101752E-01
  1617   0.101667E-01
  1618   0.101569E-01
  1619   0.101471E-01
  1620   0.101375E-01
  1621   0.101282E-01
  1622   0.101190E-01
  1623   0.101098E-01
  1624   0.101007E-01
  1625   0.100917E-01
  1626   0.100825E-01
  1627   0.100731E-01
  1628   0.100637E-01
  1629   0.100547E-01
  1630   0.100459E-01
  1631   0.100370E-01
  1632   0.100284E-01
  1633   0.100172E-01
  1634   0.100047E-01
  1635   0.999262E-02
  1636   0.998082E-02
  1637   0.996907E-02
  1638   0.995781E-02
  1639   0.994676E-02
  1640   0.993554E-02
  1641   0.992439E-02
  1642   0.991358E-02
  1643   0.990284E-02
  1644   0.989158E-02
  1645   0.988029E-02
  1646   0.986753E-02
  1647   0.985425E-02
  1648   0.984171E-02
  1649   0.982970E-02
  1650   0.981813E-02
  1651   0.980675E-02
  1652   0.979579E-02
  1653   0.978521E-02
  1654   0.977493E-02
  1655   0.976493E-02
  1656   0.975489E-02
  1657   0.974535E-02
  1658   0.973620E-02
  1659   0.972765E-02
  1660   0.971965E-02
  1661   0.970911E-02
  1662   0.969778E-02
  1663   0.968690E-02
  1664   0.967637E-02
  1665   0.966604E-02
  1666   0.965592E-02
  1667   0.964607E-02
  1668   0.963638E-02
  1669   0.962689E-02
  1670   0.961765E-02
  1671   0.960823E-02
  1672   0.959896E-02
  1673   0.958987E-02
  1674   0.958128E-02
  1675   0.957248E-02
  1676   0.956329E-02
  1677   0.955430E-02
  1678   0.954543E-02
  1679   0.953705E-02
  1680   0.952895E-02
  1681   0.952107E-02
  1682   0.951341E-02
  1683   0.950582E-02
  1684   0.949727E-02
  1685   0.948856E-02
  1686   0.948005E-02
  1687   0.947115E-02
  1688   0.946209E-02
  1689   0.945297E-02
  1690   0.944381E-02
  1691   0.943394E-02
  1692   0.942380E-02
  1693   0.941397E-02
  1694   0.940435E-02
  1695   0.939497E-02
  1696   0.938524E-02
  1697   0.937595E-02
  1698   0.936630E-02
  1699   0.935685E-02
  1700   0.934766E-02
  1701   0.933945E-02
  1702   0.933084E-02
  1703   0.931995E-02
  1704   0.931094E-02
  1705   0.930200E-02
  1706   0.929310E-02
  1707   0.928462E-02
  1708   0.927630E-02
  1709   0.926810E-02
  1710   0.926040E-02
  1711   0.925290E-02
  1712   0.924508E-02
  1713   0.923519E-02
  1714   0.922532E-02
  1715   0.921473E-02
  1716   0.920410E-02
  1717   0.919323E-02
  1718   0.918255E-02
  1719   0.917200E-02
  1720   0.916130E-02
  1721   0.915026E-02
  1722   0.913874E-02
  1723   0.912604E-02
  1724   0.911352E-02
  1725   0.910100E-02
  1726   0.908791E-02
  1727   0.907370E-02
  1728   0.905955E-02
  1729   0.904591E-02
  1730   0.903272E-02
  1731   0.901993E-02
  1732   0.900720E-02
  1733   0.899455E-02
  1734   0.898221E-02
  1735   0.897009E-02
  1736   0.895784E-02
  1737   0.894569E-02
  1738   0.893369E-02
  1739   0.892178E-02
  1740   0.890995E-02
  1741   0.889804E-02
  1742   0.888610E-02
  1743   0.887406E-02
  1744   0.886216E-02
  1745   0.885057E-02
  1746   0.883899E-02
  1747   0.882731E-02
  1748   0.881582E-02
  1749   0.880464E-02
  1750   0.879353E-02
  1751   0.878240E-02
  1752   0.877110E-02
  1753   0.876005E-02
  1754   0.874922E-02
  1755   0.873862E-02
  1756   0.872817E-02
  1757   0.871786E-02
  1758   0.870770E-02
  1759   0.869770E-02
  1760   0.868784E-02
  1761   0.867819E-02
  1762   0.866860E-02
  1763   0.865887E-02
  1764   0.864917E-02
  1765   0.863949E-02
  1766   0.863010E-02
  1767   0.862068E-02
  1768   0.861123E-02
  1769   0.860152E-02
  1770   0.859199E-02
  1771   0.858259E-02
  1772   0.857372E-02
  1773   0.856500E-02
  1774   0.855634E-02
  1775   0.854776E-02
  1776   0.853910E-02
  1777   0.852992E-02
  1778   0.852080E-02
  1779   0.851221E-02
  1780   0.850383E-02
  1781   0.849430E-02
  1782   0.848410E-02
  1783   0.847390E-02
  1784   0.846308E-02
  1785   0.845197E-02
  1786   0.844105E-02
  1787   0.843044E-02
  1788   0.841985E-02
  1789   0.840937E-02
  1790   0.839904E-02
  1791   0.838862E-02
  1792   0.837779E-02
  1793   0.836618E-02
  1794   0.835450E-02
  1795   0.834321E-02
  1796   0.833416E-02
  1797   0.832527E-02
  1798   0.831664E-02
  1799   0.830823E-02
  1800   0.830017E-02
  1801   0.829069E-02
  1802   0.827973E-02
  1803   0.826912E-02
  1804   0.826007E-02
  1805   0.825048E-02
  1806   0.824096E-02
  1807   0.823180E-02
  1808   0.822314E-02
  1809   0.821486E-02
  1810   0.820686E-02
  1811   0.819924E-02
  1812   0.818757E-02
  1813   0.817357E-02
  1814   0.816079E-02
  1815   0.814858E-02
  1816   0.813691E-02
  1817   0.812571E-02
  1818   0.811478E-02
  1819   0.810431E-02
  1820   0.809407E-02
  1821   0.808387E-02
  1822   0.807308E-02
  1823   0.806259E-02
  1824   0.805237E-02
  1825   0.804193E-02
  1826   0.803135E-02
  1827   0.802097E-02
  1828   0.800891E-02
  1829   0.799674E-02
  1830   0.798693E-02
  1831   0.797732E-02
  1832   0.796757E-02
  1833   0.795793E-02
  1834   0.794822E-02
  1835   0.793849E-02
  1836   0.792869E-02
  1837   0.791856E-02
  1838   0.790830E-02
  1839   0.789819E-02
  1840   0.788799E-02
  1841   0.787781E-02
  1842   0.786734E-02
  1843   0.785684E-02
  1844   0.784600E-02
  1845   0.783513E-02
  1846   0.782434E-02
  1847   0.781350E-02
  1848   0.780218E-02
  1849   0.779041E-02
  1850   0.777823E-02
  1851   0.776609E-02
  1852   0.775405E-02
  1853   0.774151E-02
  1854   0.772870E-02
  1855   0.771575E-02
  1856   0.770257E-02
  1857   0.768856E-02
  1858   0.767436E-02
  1859   0.766029E-02
  1860   0.764633E-02
  1861   0.763250E-02
  1862   0.761877E-02
  1863   0.760512E-02
  1864   0.759154E-02
  1865   0.757808E-02
  1866   0.756454E-02
  1867   0.755107E-02
  1868   0.753767E-02
  1869   0.752429E-02
  1870   0.751090E-02
  1871   0.749756E-02
  1872   0.748419E-02
  1873   0.747085E-02
  1874   0.745760E-02
  1875   0.744445E-02
  1876   0.743141E-02
  1877   0.741847E-02
  1878   0.740564E-02
  1879   0.739290E-02
  1880   0.738036E-02
  1881   0.736807E-02
  1882   0.735573E-02
  1883   0.734345E-02
  1884   0.733127E-02
  1885   0.731918E-02
  1886   0.730696E-02
  1887   0.729502E-02
  1888   0.728319E-02
  1889   0.727143E-02
  1890   0.725969E-02
  1891   0.724757E-02
  1892   0.723558E-02
  1893   0.722368E-02
  1894   0.721251E-02
  1895   0.720166E-02
  1896   0.719105E-02
  1897   0.718166E-02
  1898   0.717290E-02
  1899   0.716404E-02
  1900   0.715536E-02
  1901   0.714701E-02
  1902   0.713862E-02
  1903   0.712948E-02
  1904   0.712093E-02
  1905   0.711198E-02
  1906   0.710265E-02
  1907   0.709270E-02
  1908   0.708172E-02
  1909   0.707093E-02
  1910   0.706058E-02
  1911   0.705020E-02
  1912   0.703942E-02
  1913   0.702763E-02
  1914   0.701600E-02
  1915   0.700380E-02
  1916   0.699179E-02
  1917   0.698051E-02
  1918   0.696898E-02
  1919   0.695810E-02
  1920   0.694633E-02
  1921   0.693586E-02
  1922   0.692503E-02
  1923   0.691435E-02
  1924   0.690335E-02
  1925   0.689283E-02
  1926   0.688261E-02
  1927   0.687206E-02
  1928   0.686204E-02
  1929   0.685212E-02
  1930   0.684205E-02
  1931   0.683213E-02
  1932   0.682179E-02
  1933   0.681130E-02
  1934   0.680112E-02
  1935   0.679065E-02
  1936   0.677968E-02
  1937   0.676862E-02
  1938   0.675751E-02
  1939   0.674617E-02
  1940   0.673459E-02
  1941   0.672293E-02
  1942   0.671111E-02
  1943   0.669913E-02
  1944   0.668710E-02
  1945   0.667494E-02
  1946   0.666312E-02
  1947   0.665153E-02
  1948   0.663970E-02
  1949   0.662792E-02
  1950   0.661648E-02
  1951   0.660487E-02
  1952   0.659311E-02
  1953   0.658117E-02
  1954   0.656913E-02
  1955   0.655668E-02
  1956   0.654395E-02
  1957   0.653102E-02
  1958   0.651785E-02
  1959   0.650424E-02
  1960   0.649040E-02
  1961   0.647646E-02
  1962   0.646242E-02
  1963   0.644829E-02
  1964   0.643408E-02
  1965   0.641979E-02
  1966   0.640543E-02
  1967   0.639092E-02
  1968   0.637636E-02
  1969   0.636169E-02
  1970   0.634700E-02
  1971   0.633228E-02
  1972   0.631744E-02
  1973   0.630261E-02
  1974   0.628780E-02
  1975   0.627311E-02
  1976   0.625843E-02
  1977   0.624371E-02
  1978   0.622901E-02
  1979   0.621437E-02
  1980   0.619976E-02
  1981   0.618515E-02
  1982   0.617053E-02
  1983   0.615602E-02
  1984   0.614235E-02
  1985   0.612884E-02
  1986   0.611522E-02
  1987   0.610150E-02
  1988   0.608767E-02
  1989   0.607374E-02
  1990   0.605974E-02
  1991   0.604569E-02
  1992   0.603162E-02
  1993   0.601755E-02
  1994   0.600344E-02
  1995   0.598929E-02
  1996   0.597517E-02
  1997   0.596096E-02
  1998   0.594674E-02
  1999   0.593249E-02
  2000   0.591823E-02
  2001   0.590398E-02
  2002   0.588976E-02
  2003   0.587556E-02
  2004   0.586137E-02
  2005   0.584724E-02
  2006   0.583316E-02
  2007   0.581895E-02
  2008   0.580474E-02
  2009   0.579061E-02
  2010   0.577639E-02
  2011   0.576234E-02
  2012   0.574838E-02
  2013   0.573446E-02
  2014   0.572057E-02
  2015   0.570673E-02
  2016   0.569290E-02
  2017   0.567893E-02
  2018   0.566494E-02
  2019   0.565093E-02
  2020   0.563697E-02
  2021   0.562306E-02
  2022   0.560921E-02
  2023   0.559541E-02
  2024   0.558168E-02
  2025   0.556800E-02
  2026   0.555438E-02
  2027   0.554084E-02
  2028   0.552740E-02
  2029   0.551407E-02
  2030   0.550093E-02
  2031   0.548793E-02
  2032   0.547494E-02
  2033   0.546200E-02
  2034   0.544912E-02
  2035   0.543631E-02
  2036   0.542358E-02
  2037   0.541089E-02
  2038   0.539827E-02
  2039   0.538573E-02
  2040   0.537330E-02
  2041   0.536094E-02
  2042   0.534864E-02
  2043   0.533641E-02
  2044   0.532421E-02
  2045   0.531205E-02
  2046   0.529992E-02
  2047   0.528781E-02
  2048   0.527578E-02
  2049   0.526380E-02
  2050   0.525173E-02
  2051   0.523953E-02
  2052   0.522728E-02
  2053   0.521497E-02
  2054   0.520250E-02
  2055   0.519004E-02
  2056   0.517758E-02
  2057   0.516496E-02
  2058   0.515241E-02
  2059   0.513986E-02
  2060   0.512737E-02
  2061   0.511494E-02
  2062   0.510253E-02
  2063   0.509011E-02
  2064   0.507772E-02
  2065   0.506524E-02
  2066   0.505283E-02
  2067   0.504050E-02
  2068   0.502824E-02
  2069   0.501605E-02
  2070   0.500393E-02
  2071   0.499189E-02
  2072   0.497987E-02
  2073   0.496766E-02
  2074   0.495553E-02
  2075   0.494351E-02
  2076   0.493159E-02
  2077   0.491978E-02
  2078   0.490809E-02
  2079   0.489662E-02
  2080   0.488522E-02
  2081   0.487392E-02
  2082   0.486269E-02
  2083   0.485151E-02
  2084   0.484039E-02
  2085   0.482934E-02
  2086   0.481836E-02
  2087   0.480753E-02
  2088   0.479686E-02
  2089   0.478625E-02
  2090   0.477569E-02
  2091   0.476522E-02
  2092   0.475481E-02
  2093   0.474444E-02
  2094   0.473413E-02
  2095   0.472388E-02
  2096   0.471350E-02
  2097   0.470312E-02
  2098   0.469271E-02
  2099   0.468235E-02
  2100   0.467206E-02
  2101   0.466188E-02
  2102   0.465182E-02
  2103   0.464185E-02
  2104   0.463195E-02
  2105   0.462210E-02
  2106   0.461232E-02
  2107   0.460270E-02
  2108   0.459324E-02
  2109   0.458384E-02
  2110   0.457441E-02
  2111   0.456500E-02
  2112   0.455566E-02
  2113   0.454641E-02
  2114   0.453722E-02
  2115   0.452804E-02
  2116   0.451885E-02
  2117   0.450971E-02
  2118   0.450066E-02
  2119   0.449166E-02
  2120   0.448271E-02
  2121   0.447382E-02
  2122   0.446499E-02
  2123   0.445620E-02
  2124   0.444746E-02
  2125   0.443876E-02
  2126   0.443014E-02
  2127   0.442160E-02
  2128   0.441310E-02
  2129   0.440434E-02
  2130   0.439525E-02
  2131   0.438606E-02
  2132   0.437690E-02
  2133   0.436781E-02
  2134   0.435879E-02
  2135   0.434974E-02
  2136   0.434072E-02
  2137   0.433173E-02
  2138   0.432295E-02
  2139   0.431435E-02
  2140   0.430580E-02
  2141   0.429729E-02
  2142   0.428884E-02
  2143   0.428044E-02
  2144   0.427210E-02
  2145   0.426382E-02
  2146   0.425562E-02
  2147   0.424751E-02
  2148   0.423951E-02
  2149   0.423158E-02
  2150   0.422372E-02
  2151   0.421598E-02
  2152   0.420840E-02
  2153   0.420078E-02
  2154   0.419328E-02
  2155   0.418585E-02
  2156   0.417848E-02
  2157   0.417118E-02
  2158   0.416395E-02
  2159   0.415678E-02
  2160   0.414966E-02
  2161   0.414263E-02
  2162   0.413570E-02
  2163   0.412883E-02
  2164   0.412201E-02
  2165   0.411520E-02
  2166   0.410834E-02
  2167   0.410152E-02
  2168   0.409471E-02
  2169   0.408765E-02
  2170   0.408061E-02
  2171   0.407336E-02
  2172   0.406599E-02
  2173   0.405867E-02
  2174   0.405141E-02
  2175   0.404422E-02
  2176   0.403709E-02
  2177   0.403006E-02
  2178   0.402313E-02
  2179   0.401607E-02
  2180   0.400904E-02
  2181   0.400201E-02
  2182   0.399503E-02
  2183   0.398813E-02
  2184   0.398132E-02
  2185   0.397458E-02
  2186   0.396792E-02
  2187   0.396135E-02
  2188   0.395497E-02
  2189   0.394870E-02
  2190   0.394251E-02
  2191   0.393635E-02
  2192   0.393010E-02
  2193   0.392365E-02
  2194   0.391725E-02
  2195   0.391094E-02
  2196   0.390473E-02
  2197   0.389867E-02
  2198   0.389273E-02
  2199   0.388689E-02
  2200   0.388114E-02
  2201   0.387548E-02
  2202   0.386991E-02
  2203   0.386436E-02
  2204   0.385890E-02
  2205   0.385358E-02
  2206   0.384831E-02
  2207   0.384301E-02
  2208   0.383769E-02
  2209   0.383244E-02
  2210   0.382724E-02
  2211   0.382206E-02
  2212   0.381676E-02
  2213   0.381138E-02
  2214   0.380609E-02
  2215   0.380083E-02
  2216   0.379555E-02
  2217   0.379013E-02
  2218   0.378479E-02
  2219   0.377953E-02
  2220   0.377436E-02
  2221   0.376927E-02
  2222   0.376428E-02
  2223   0.375938E-02
  2224   0.375455E-02
  2225   0.374977E-02
  2226   0.374506E-02
  2227   0.374040E-02
  2228   0.373581E-02
  2229   0.373128E-02
  2230   0.372678E-02
  2231   0.372234E-02
  2232   0.371795E-02
  2233   0.371362E-02
  2234   0.370936E-02
  2235   0.370517E-02
  2236   0.370104E-02
  2237   0.369695E-02
  2238   0.369291E-02
  2239   0.368892E-02
  2240   0.368499E-02
  2241   0.368107E-02
  2242   0.367715E-02
  2243   0.367325E-02
  2244   0.366939E-02
  2245   0.366555E-02
  2246   0.366178E-02
  2247   0.365808E-02
  2248   0.365443E-02
  2249   0.365079E-02
  2250   0.364718E-02
  2251   0.364357E-02
  2252   0.363997E-02
  2253   0.363638E-02
  2254   0.363281E-02
  2255   0.362924E-02
  2256   0.362568E-02
  2257   0.362212E-02
  2258   0.361855E-02
  2259   0.361503E-02
  2260   0.361150E-02
  2261   0.360791E-02
  2262   0.360432E-02
  2263   0.360072E-02
  2264   0.359713E-02
  2265   0.359356E-02
  2266   0.359000E-02
  2267   0.358628E-02
  2268   0.358253E-02
  2269   0.357880E-02
  2270   0.357501E-02
  2271   0.357126E-02
  2272   0.356753E-02
  2273   0.356382E-02
  2274   0.356013E-02
  2275   0.355645E-02
  2276   0.355278E-02
  2277   0.354912E-02
  2278   0.354547E-02
  2279   0.354185E-02
  2280   0.353824E-02
  2281   0.353462E-02
  2282   0.353101E-02
  2283   0.352741E-02
  2284   0.352383E-02
  2285   0.352027E-02
  2286   0.351666E-02
  2287   0.351305E-02
  2288   0.350942E-02
  2289   0.350579E-02
  2290   0.350219E-02
  2291   0.349862E-02
  2292   0.349508E-02
  2293   0.349160E-02
  2294   0.348817E-02
  2295   0.348479E-02
  2296   0.348144E-02
  2297   0.347812E-02
  2298   0.347482E-02
  2299   0.347154E-02
  2300   0.346832E-02
  2301   0.346517E-02
  2302   0.346204E-02
  2303   0.345894E-02
  2304   0.345586E-02
  2305   0.345278E-02
  2306   0.344972E-02
  2307   0.344659E-02
  2308   0.344339E-02
  2309   0.344021E-02
  2310   0.343700E-02
  2311   0.343374E-02
  2312   0.343041E-02
  2313   0.342711E-02
  2314   0.342385E-02
  2315   0.342043E-02
  2316   0.341705E-02
  2317   0.341371E-02
  2318   0.341041E-02
  2319   0.340713E-02
  2320   0.340388E-02
  2321   0.340063E-02
  2322   0.339731E-02
  2323   0.339401E-02
  2324   0.339072E-02
  2325   0.338744E-02
  2326   0.338416E-02
  2327   0.338091E-02
  2328   0.337764E-02
  2329   0.337425E-02
  2330   0.337088E-02
  2331   0.336752E-02
  2332   0.336422E-02
  2333   0.336095E-02
  2334   0.335770E-02
  2335   0.335446E-02
  2336   0.335128E-02
  2337   0.334811E-02
  2338   0.334491E-02
  2339   0.334173E-02
  2340   0.333857E-02
  2341   0.333543E-02
  2342   0.333230E-02
  2343   0.332920E-02
  2344   0.332611E-02
  2345   0.332304E-02
  2346   0.331998E-02
  2347   0.331694E-02
  2348   0.331392E-02
  2349   0.331092E-02
  2350   0.330793E-02
  2351   0.330495E-02
  2352   0.330202E-02
  2353   0.329913E-02
  2354   0.329624E-02
  2355   0.329336E-02
  2356   0.329047E-02
  2357   0.328758E-02
  2358   0.328470E-02
  2359   0.328184E-02
  2360   0.327899E-02
  2361   0.327617E-02
  2362   0.327336E-02
  2363   0.327056E-02
  2364   0.326777E-02
  2365   0.326494E-02
  2366   0.326213E-02
  2367   0.325931E-02
  2368   0.325643E-02
  2369   0.325355E-02
  2370   0.325069E-02
  2371   0.324779E-02
  2372   0.324476E-02
  2373   0.324165E-02
  2374   0.323860E-02
  2375   0.323558E-02
  2376   0.323245E-02
  2377   0.322930E-02
  2378   0.322616E-02
  2379   0.322302E-02
  2380   0.321989E-02
  2381   0.321680E-02
  2382   0.321367E-02
  2383   0.321050E-02
  2384   0.320731E-02
  2385   0.320401E-02
  2386   0.320058E-02
  2387   0.319718E-02
  2388   0.319382E-02
  2389   0.319048E-02
  2390   0.318716E-02
  2391   0.318386E-02
  2392   0.318059E-02
  2393   0.317736E-02
  2394   0.317417E-02
  2395   0.317100E-02
  2396   0.316785E-02
  2397   0.316472E-02
  2398   0.316161E-02
  2399   0.315849E-02
  2400   0.315539E-02
  2401   0.315229E-02
  2402   0.314919E-02
  2403   0.314611E-02
  2404   0.314302E-02
  2405   0.313995E-02
  2406   0.313689E-02
  2407   0.313384E-02
  2408   0.313080E-02
  2409   0.312775E-02
  2410   0.312470E-02
  2411   0.312165E-02
  2412   0.311861E-02
  2413   0.311561E-02
  2414   0.311262E-02
  2415   0.310964E-02
  2416   0.310667E-02
  2417   0.310369E-02
  2418   0.310072E-02
  2419   0.309776E-02
  2420   0.309480E-02
  2421   0.309186E-02
  2422   0.308890E-02
  2423   0.308594E-02
  2424   0.308299E-02
  2425   0.308004E-02
  2426   0.307709E-02
  2427   0.307418E-02
  2428   0.307129E-02
  2429   0.306839E-02
  2430   0.306550E-02
  2431   0.306262E-02
  2432   0.305975E-02
  2433   0.305688E-02
  2434   0.305408E-02
  2435   0.305116E-02
  2436   0.304824E-02
  2437   0.304535E-02
  2438   0.304248E-02
  2439   0.303963E-02
  2440   0.303680E-02
  2441   0.303398E-02
  2442   0.303120E-02
  2443   0.302845E-02
  2444   0.302574E-02
  2445   0.302303E-02
  2446   0.302032E-02
  2447   0.301763E-02
  2448   0.301494E-02
  2449   0.301228E-02
  2450   0.300964E-02
  2451   0.300698E-02
  2452   0.300433E-02
  2453   0.300171E-02
  2454   0.299912E-02
  2455   0.299654E-02
  2456   0.299396E-02
  2457   0.299134E-02
  2458   0.298865E-02
  2459   0.298590E-02
  2460   0.298317E-02
  2461   0.298047E-02
  2462   0.297779E-02
  2463   0.297514E-02
  2464   0.297251E-02
  2465   0.296990E-02
  2466   0.296729E-02
  2467   0.296467E-02
  2468   0.296207E-02
  2469   0.295946E-02
  2470   0.295687E-02
  2471   0.295431E-02
  2472   0.295175E-02
  2473   0.294925E-02
  2474   0.294675E-02
  2475   0.294426E-02
  2476   0.294178E-02
  2477   0.293931E-02
  2478   0.293682E-02
  2479   0.293431E-02
  2480   0.293180E-02
  2481   0.292915E-02
  2482   0.292653E-02
  2483   0.292386E-02
  2484   0.292123E-02
  2485   0.291864E-02
  2486   0.291607E-02
  2487   0.291350E-02
  2488   0.291094E-02
  2489   0.290841E-02
  2490   0.290576E-02
  2491   0.290310E-02
  2492   0.290041E-02
  2493   0.289769E-02
  2494   0.289499E-02
  2495   0.289227E-02
  2496   0.288956E-02
  2497   0.288687E-02
  2498   0.288420E-02
  2499   0.288154E-02
  2500   0.287890E-02
  2501   0.287628E-02
  2502   0.287364E-02
  2503   0.287099E-02
  2504   0.286833E-02
  2505   0.286563E-02
  2506   0.286291E-02
  2507   0.286018E-02
  2508   0.285746E-02
  2509   0.285476E-02
  2510   0.285208E-02
  2511   0.284933E-02
  2512   0.284652E-02
  2513   0.284372E-02
  2514   0.284093E-02
  2515   0.283816E-02
  2516   0.283543E-02
  2517   0.283271E-02
  2518   0.283002E-02
  2519   0.282735E-02
  2520   0.282468E-02
  2521   0.282203E-02
  2522   0.281938E-02
  2523   0.281675E-02
  2524   0.281413E-02
  2525   0.281152E-02
  2526   0.280895E-02
  2527   0.280643E-02
  2528   0.280390E-02
  2529   0.280140E-02
  2530   0.279890E-02
  2531   0.279641E-02
  2532   0.279392E-02
  2533   0.279145E-02
  2534   0.278899E-02
  2535   0.278654E-02
  2536   0.278410E-02
  2537   0.278168E-02
  2538   0.277924E-02
  2539   0.277682E-02
  2540   0.277440E-02
  2541   0.277199E-02
  2542   0.276955E-02
  2543   0.276712E-02
  2544   0.276468E-02
  2545   0.276221E-02
  2546   0.275975E-02
  2547   0.275732E-02
  2548   0.275489E-02
  2549   0.275247E-02
  2550   0.275007E-02
  2551   0.274767E-02
  2552   0.274527E-02
  2553   0.274288E-02
  2554   0.274049E-02
  2555   0.273811E-02
  2556   0.273573E-02
  2557   0.273336E-02
  2558   0.273101E-02
  2559   0.272865E-02
  2560   0.272631E-02
  2561   0.272392E-02
  2562   0.272153E-02
  2563   0.271914E-02
  2564   0.271675E-02
  2565   0.271437E-02
  2566   0.271201E-02
  2567   0.270965E-02
  2568   0.270720E-02
  2569   0.270463E-02
  2570   0.270209E-02
  2571   0.269955E-02
  2572   0.269704E-02
  2573   0.269454E-02
  2574   0.269205E-02
  2575   0.268958E-02
  2576   0.268710E-02
  2577   0.268464E-02
  2578   0.268219E-02
  2579   0.267974E-02
  2580   0.267731E-02
  2581   0.267488E-02
  2582   0.267246E-02
  2583   0.267004E-02
  2584   0.266762E-02
  2585   0.266520E-02
  2586   0.266277E-02
  2587   0.266035E-02
  2588   0.265793E-02
  2589   0.265553E-02
  2590   0.265313E-02
  2591   0.265074E-02
  2592   0.264835E-02
  2593   0.264599E-02
  2594   0.264363E-02
  2595   0.264128E-02
  2596   0.263898E-02
  2597   0.263669E-02
  2598   0.263440E-02
  2599   0.263213E-02
  2600   0.262991E-02
  2601   0.262772E-02
  2602   0.262554E-02
  2603   0.262337E-02
  2604   0.262120E-02
  2605   0.261903E-02
  2606   0.261684E-02
  2607   0.261464E-02
  2608   0.261240E-02
  2609   0.261016E-02
  2610   0.260793E-02
  2611   0.260568E-02
  2612   0.260325E-02
  2613   0.260065E-02
  2614   0.259797E-02
  2615   0.259521E-02
  2616   0.259248E-02
  2617   0.258977E-02
  2618   0.258707E-02
  2619   0.258439E-02
  2620   0.258173E-02
  2621   0.257908E-02
  2622   0.257646E-02
  2623   0.257385E-02
  2624   0.257125E-02
  2625   0.256867E-02
  2626   0.256610E-02
  2627   0.256355E-02
  2628   0.256102E-02
  2629   0.255851E-02
  2630   0.255601E-02
  2631   0.255353E-02
  2632   0.255107E-02
  2633   0.254862E-02
  2634   0.254619E-02
  2635   0.254378E-02
  2636   0.254137E-02
  2637   0.253898E-02
  2638   0.253661E-02
  2639   0.253425E-02
  2640   0.253190E-02
  2641   0.252957E-02
  2642   0.252724E-02
  2643   0.252493E-02
  2644   0.252262E-02
  2645   0.252033E-02
  2646   0.251804E-02
  2647   0.251576E-02
  2648   0.251349E-02
  2649   0.251124E-02
  2650   0.250901E-02
  2651   0.250678E-02
  2652   0.250457E-02
  2653   0.250236E-02
  2654   0.250017E-02
  2655   0.249799E-02
  2656   0.249582E-02
  2657   0.249365E-02
  2658   0.249149E-02
  2659   0.248935E-02
  2660   0.248722E-02
  2661   0.248508E-02
  2662   0.248296E-02
  2663   0.248085E-02
  2664   0.247875E-02
  2665   0.247665E-02
  2666   0.247456E-02
  2667   0.247248E-02
  2668   0.247039E-02
  2669   0.246831E-02
  2670   0.246623E-02
  2671   0.246419E-02
  2672   0.246216E-02
  2673   0.246013E-02
  2674   0.245811E-02
  2675   0.245610E-02
  2676   0.245409E-02
  2677   0.245208E-02
  2678   0.245007E-02
  2679   0.244807E-02
  2680   0.244607E-02
  2681   0.244408E-02
  2682   0.244209E-02
  2683   0.244011E-02
  2684   0.243814E-02
  2685   0.243617E-02
  2686   0.243421E-02
  2687   0.243225E-02
  2688   0.243030E-02
  2689   0.242835E-02
  2690   0.242640E-02
  2691   0.242444E-02
  2692   0.242249E-02
  2693   0.242055E-02
  2694   0.241862E-02
  2695   0.241672E-02
  2696   0.241483E-02
  2697   0.241294E-02
  2698   0.241103E-02
  2699   0.240912E-02
  2700   0.240722E-02
  2701   0.240517E-02
  2702   0.240307E-02
  2703   0.240094E-02
  2704   0.239883E-02
  2705   0.239673E-02
  2706   0.239464E-02
  2707   0.239255E-02
  2708   0.239047E-02
  2709   0.238841E-02
  2710   0.238635E-02
  2711   0.238430E-02
  2712   0.238226E-02
  2713   0.238022E-02
  2714   0.237819E-02
  2715   0.237616E-02
  2716   0.237414E-02
  2717   0.237212E-02
  2718   0.237009E-02
  2719   0.236808E-02
  2720   0.236606E-02
  2721   0.236405E-02
  2722   0.236205E-02
  2723   0.236005E-02
  2724   0.235806E-02
  2725   0.235607E-02
  2726   0.235409E-02
  2727   0.235212E-02
  2728   0.235014E-02
  2729   0.234817E-02
  2730   0.234620E-02
  2731   0.234423E-02
  2732   0.234228E-02
  2733   0.234032E-02
  2734   0.233831E-02
  2735   0.233630E-02
  2736   0.233428E-02
  2737   0.233226E-02
  2738   0.233012E-02
  2739   0.232797E-02
  2740   0.232583E-02
  2741   0.232370E-02
  2742   0.232157E-02
  2743   0.231946E-02
  2744   0.231735E-02
  2745   0.231525E-02
  2746   0.231316E-02
  2747   0.231108E-02
  2748   0.230900E-02
  2749   0.230694E-02
  2750   0.230487E-02
  2751   0.230282E-02
  2752   0.230076E-02
  2753   0.229871E-02
  2754   0.229667E-02
  2755   0.229463E-02
  2756   0.229260E-02
  2757   0.229057E-02
  2758   0.228857E-02
  2759   0.228658E-02
  2760   0.228460E-02
  2761   0.228262E-02
  2762   0.228064E-02
  2763   0.227867E-02
  2764   0.227669E-02
  2765   0.227473E-02
  2766   0.227280E-02
  2767   0.227087E-02
  2768   0.226893E-02
  2769   0.226700E-02
  2770   0.226507E-02
  2771   0.226314E-02
  2772   0.226122E-02
  2773   0.225930E-02
  2774   0.225738E-02
  2775   0.225546E-02
  2776   0.225355E-02
  2777   0.225162E-02
  2778   0.224969E-02
  2779   0.224776E-02
  2780   0.224584E-02
  2781   0.224392E-02
  2782   0.224201E-02
  2783   0.224009E-02
  2784   0.223813E-02
  2785   0.223609E-02
  2786   0.223404E-02
  2787   0.223195E-02
  2788   0.222972E-02
  2789   0.222747E-02
  2790   0.222523E-02
  2791   0.222301E-02
  2792   0.222079E-02
  2793   0.221859E-02
  2794   0.221639E-02
  2795   0.221421E-02
  2796   0.221204E-02
  2797   0.220988E-02
  2798   0.220774E-02
  2799   0.220561E-02
  2800   0.220349E-02
  2801   0.220138E-02
  2802   0.219928E-02
  2803   0.219719E-02
  2804   0.219512E-02
  2805   0.219305E-02
  2806   0.219101E-02
  2807   0.218897E-02
  2808   0.218696E-02
  2809   0.218495E-02
  2810   0.218295E-02
  2811   0.218097E-02
  2812   0.217900E-02
  2813   0.217704E-02
  2814   0.217509E-02
  2815   0.217315E-02
  2816   0.217122E-02
  2817   0.216931E-02
  2818   0.216741E-02
  2819   0.216552E-02
  2820   0.216364E-02
  2821   0.216177E-02
  2822   0.215991E-02
  2823   0.215806E-02
  2824   0.215630E-02
  2825   0.215447E-02
  2826   0.215264E-02
  2827   0.215083E-02
  2828   0.214902E-02
  2829   0.214722E-02
  2830   0.214543E-02
  2831   0.214366E-02
  2832   0.214189E-02
  2833   0.214013E-02
  2834   0.213836E-02
  2835   0.213660E-02
  2836   0.213484E-02
  2837   0.213309E-02
  2838   0.213135E-02
  2839   0.212961E-02
  2840   0.212789E-02
  2841   0.212617E-02
  2842   0.212446E-02
  2843   0.212274E-02
  2844   0.212103E-02
  2845   0.211932E-02
  2846   0.211762E-02
  2847   0.211593E-02
  2848   0.211424E-02
  2849   0.211257E-02
  2850   0.211091E-02
  2851   0.210924E-02
  2852   0.210758E-02
  2853   0.210593E-02
  2854   0.210427E-02
  2855   0.210262E-02
  2856   0.210098E-02
  2857   0.209933E-02
  2858   0.209769E-02
  2859   0.209605E-02
  2860   0.209442E-02
  2861   0.209278E-02
  2862   0.209115E-02
  2863   0.208952E-02
  2864   0.208788E-02
  2865   0.208624E-02
  2866   0.208460E-02
  2867   0.208296E-02
  2868   0.208132E-02
  2869   0.207967E-02
  2870   0.207803E-02
  2871   0.207638E-02
  2872   0.207473E-02
  2873   0.207308E-02
  2874   0.207143E-02
  2875   0.206977E-02
  2876   0.206811E-02
  2877   0.206645E-02
  2878   0.206479E-02
  2879   0.206313E-02
  2880   0.206146E-02
  2881   0.205977E-02
  2882   0.205807E-02
  2883   0.205638E-02
  2884   0.205469E-02
  2885   0.205301E-02
  2886   0.205130E-02
  2887   0.204960E-02
  2888   0.204791E-02
  2889   0.204622E-02
  2890   0.204453E-02
  2891   0.204285E-02
  2892   0.204116E-02
  2893   0.203949E-02
  2894   0.203781E-02
  2895   0.203614E-02
  2896   0.203447E-02
  2897   0.203280E-02
  2898   0.203114E-02
  2899   0.202949E-02
  2900   0.202784E-02
  2901   0.202620E-02
  2902   0.202457E-02
  2903   0.202295E-02
  2904   0.202133E-02
  2905   0.201972E-02
  2906   0.201811E-02
  2907   0.201651E-02
  2908   0.201492E-02
  2909   0.201334E-02
  2910   0.201176E-02
  2911   0.201019E-02
  2912   0.200864E-02
  2913   0.200709E-02
  2914   0.200557E-02
  2915   0.200406E-02
  2916   0.200254E-02
  2917   0.200103E-02
  2918   0.199954E-02
  2919   0.199808E-02
  2920   0.199661E-02
  2921   0.199515E-02
  2922   0.199370E-02
  2923   0.199225E-02
  2924   0.199081E-02
  2925   0.198938E-02
  2926   0.198796E-02
  2927   0.198655E-02
  2928   0.198514E-02
  2929   0.198375E-02
  2930   0.198238E-02
  2931   0.198101E-02
  2932   0.197966E-02
  2933   0.197831E-02
  2934   0.197696E-02
  2935   0.197560E-02
  2936   0.197426E-02
  2937   0.197292E-02
  2938   0.197158E-02
  2939   0.197024E-02
  2940   0.196889E-02
  2941   0.196755E-02
  2942   0.196621E-02
  2943   0.196487E-02
  2944   0.196354E-02
  2945   0.196218E-02
  2946   0.196081E-02
  2947   0.195945E-02
  2948   0.195809E-02
  2949   0.195672E-02
  2950   0.195524E-02
  2951   0.195377E-02
  2952   0.195230E-02
  2953   0.195084E-02
  2954   0.194937E-02
  2955   0.194791E-02
  2956   0.194645E-02
  2957   0.194499E-02
  2958   0.194353E-02
  2959   0.194207E-02
  2960   0.194061E-02
  2961   0.193914E-02
  2962   0.193768E-02
  2963   0.193622E-02
  2964   0.193476E-02
  2965   0.193329E-02
  2966   0.193182E-02
  2967   0.193034E-02
  2968   0.192886E-02
  2969   0.192738E-02
  2970   0.192589E-02
  2971   0.192440E-02
  2972   0.192290E-02
  2973   0.192140E-02
  2974   0.191990E-02
  2975   0.191839E-02
  2976   0.191688E-02
  2977   0.191536E-02
  2978   0.191385E-02
  2979   0.191232E-02
  2980   0.191080E-02
  2981   0.190926E-02
  2982   0.190773E-02
  2983   0.190620E-02
  2984   0.190467E-02
  2985   0.190311E-02
  2986   0.190157E-02
  2987   0.190004E-02
  2988   0.189849E-02
  2989   0.189695E-02
  2990   0.189540E-02
  2991   0.189386E-02
  2992   0.189231E-02
  2993   0.189075E-02
  2994   0.188920E-02
  2995   0.188764E-02
  2996   0.188609E-02
  2997   0.188453E-02
  2998   0.188297E-02
  2999   0.188141E-02
  3000   0.187984E-02
  3001   0.187824E-02
  3002   0.187663E-02
  3003   0.187501E-02
  3004   0.187330E-02
  3005   0.187161E-02
  3006   0.186993E-02
  3007   0.186826E-02
  3008   0.186659E-02
  3009   0.186493E-02
  3010   0.186327E-02
  3011   0.186162E-02
  3012   0.185997E-02
  3013   0.185833E-02
  3014   0.185670E-02
  3015   0.185508E-02
  3016   0.185347E-02
  3017   0.185187E-02
  3018   0.185026E-02
  3019   0.184864E-02
  3020   0.184704E-02
  3021   0.184544E-02
  3022   0.184385E-02
  3023   0.184227E-02
  3024   0.184070E-02
  3025   0.183909E-02
  3026   0.183749E-02
  3027   0.183591E-02
  3028   0.183434E-02
  3029   0.183276E-02
  3030   0.183111E-02
  3031   0.182941E-02
  3032   0.182772E-02
  3033   0.182604E-02
  3034   0.182437E-02
  3035   0.182271E-02
  3036   0.182107E-02
  3037   0.181943E-02
  3038   0.181780E-02
  3039   0.181617E-02
  3040   0.181454E-02
  3041   0.181290E-02
  3042   0.181128E-02
  3043   0.180968E-02
  3044   0.180808E-02
  3045   0.180650E-02
  3046   0.180494E-02
  3047   0.180338E-02
  3048   0.180184E-02
  3049   0.180030E-02
  3050   0.179877E-02
  3051   0.179725E-02
  3052   0.179574E-02
  3053   0.179424E-02
  3054   0.179275E-02
  3055   0.179126E-02
  3056   0.178979E-02
  3057   0.178833E-02
  3058   0.178687E-02
  3059   0.178542E-02
  3060   0.178398E-02
  3061   0.178254E-02
  3062   0.178111E-02
  3063   0.177969E-02
  3064   0.177827E-02
  3065   0.177685E-02
  3066   0.177544E-02
  3067   0.177404E-02
  3068   0.177263E-02
  3069   0.177123E-02
  3070   0.176981E-02
  3071   0.176843E-02
  3072   0.176705E-02
  3073   0.176566E-02
  3074   0.176428E-02
  3075   0.176289E-02
  3076   0.176151E-02
  3077   0.176011E-02
  3078   0.175871E-02
  3079   0.175731E-02
  3080   0.175591E-02
  3081   0.175451E-02
  3082   0.175311E-02
  3083   0.175171E-02
  3084   0.175030E-02
  3085   0.174890E-02
  3086   0.174749E-02
  3087   0.174608E-02
  3088   0.174467E-02
  3089   0.174324E-02
  3090   0.174181E-02
  3091   0.174038E-02
  3092   0.173895E-02
  3093   0.173752E-02
  3094   0.173608E-02
  3095   0.173464E-02
  3096   0.173320E-02
  3097   0.173176E-02
  3098   0.173031E-02
  3099   0.172886E-02
  3100   0.172741E-02
  3101   0.172596E-02
  3102   0.172450E-02
  3103   0.172305E-02
  3104   0.172159E-02
  3105   0.172013E-02
  3106   0.171866E-02
  3107   0.171720E-02
  3108   0.171573E-02
  3109   0.171426E-02
  3110   0.171279E-02
  3111   0.171132E-02
  3112   0.170984E-02
  3113   0.170837E-02
  3114   0.170690E-02
  3115   0.170542E-02
  3116   0.170394E-02
  3117   0.170245E-02
  3118   0.170094E-02
  3119   0.169944E-02
  3120   0.169793E-02
  3121   0.169643E-02
  3122   0.169493E-02
  3123   0.169343E-02
  3124   0.169192E-02
  3125   0.169041E-02
  3126   0.168891E-02
  3127   0.168741E-02
  3128   0.168590E-02
  3129   0.168440E-02
  3130   0.168290E-02
  3131   0.168140E-02
  3132   0.167991E-02
  3133   0.167842E-02
  3134   0.167693E-02
  3135   0.167545E-02
  3136   0.167397E-02
  3137   0.167249E-02
  3138   0.167101E-02
  3139   0.166954E-02
  3140   0.166807E-02
  3141   0.166661E-02
  3142   0.166515E-02
  3143   0.166370E-02
  3144   0.166224E-02
  3145   0.166077E-02
  3146   0.165931E-02
  3147   0.165785E-02
  3148   0.165640E-02
  3149   0.165495E-02
  3150   0.165352E-02
  3151   0.165209E-02
  3152   0.165067E-02
  3153   0.164925E-02
  3154   0.164784E-02
  3155   0.164643E-02
  3156   0.164504E-02
  3157   0.164365E-02
  3158   0.164227E-02
  3159   0.164089E-02
  3160   0.163953E-02
  3161   0.163816E-02
  3162   0.163681E-02
  3163   0.163546E-02
  3164   0.163412E-02
  3165   0.163280E-02
  3166   0.163148E-02
  3167   0.163018E-02
  3168   0.162887E-02
  3169   0.162757E-02
  3170   0.162627E-02
  3171   0.162498E-02
  3172   0.162369E-02
  3173   0.162239E-02
  3174   0.162110E-02
  3175   0.161982E-02
  3176   0.161854E-02
  3177   0.161726E-02
  3178   0.161598E-02
  3179   0.161470E-02
  3180   0.161343E-02
  3181   0.161216E-02
  3182   0.161089E-02
  3183   0.160962E-02
  3184   0.160835E-02
  3185   0.160708E-02
  3186   0.160582E-02
  3187   0.160455E-02
  3188   0.160328E-02
  3189   0.160200E-02
  3190   0.160073E-02
  3191   0.159946E-02
  3192   0.159819E-02
  3193   0.159692E-02
  3194   0.159565E-02
  3195   0.159437E-02
  3196   0.159310E-02
  3197   0.159182E-02
  3198   0.159055E-02
  3199   0.158927E-02
  3200   0.158799E-02
  3201   0.158671E-02
  3202   0.158543E-02
  3203   0.158415E-02
  3204   0.158287E-02
  3205   0.158157E-02
  3206   0.158028E-02
  3207   0.157904E-02
  3208   0.157775E-02
  3209   0.157646E-02
  3210   0.157512E-02
  3211   0.157371E-02
  3212   0.157230E-02
  3213   0.157089E-02
  3214   0.156949E-02
  3215   0.156808E-02
  3216   0.156668E-02
  3217   0.156528E-02
  3218   0.156388E-02
  3219   0.156248E-02
  3220   0.156108E-02
  3221   0.155969E-02
  3222   0.155830E-02
  3223   0.155691E-02
  3224   0.155552E-02
  3225   0.155414E-02
  3226   0.155276E-02
  3227   0.155138E-02
  3228   0.155000E-02
  3229   0.154863E-02
  3230   0.154726E-02
  3231   0.154589E-02
  3232   0.154453E-02
  3233   0.154316E-02
  3234   0.154180E-02
  3235   0.154044E-02
  3236   0.153907E-02
  3237   0.153772E-02
  3238   0.153635E-02
  3239   0.153499E-02
  3240   0.153362E-02
  3241   0.153227E-02
  3242   0.153091E-02
  3243   0.152954E-02
  3244   0.152817E-02
  3245   0.152679E-02
  3246   0.152541E-02
  3247   0.152404E-02
  3248   0.152267E-02
  3249   0.152131E-02
  3250   0.151995E-02
  3251   0.151859E-02
  3252   0.151723E-02
  3253   0.151587E-02
  3254   0.151452E-02
  3255   0.151317E-02
  3256   0.151183E-02
  3257   0.151049E-02
  3258   0.150916E-02
  3259   0.150784E-02
  3260   0.150652E-02
  3261   0.150520E-02
  3262   0.150389E-02
  3263   0.150259E-02
  3264   0.150131E-02
  3265   0.150004E-02
  3266   0.149877E-02
  3267   0.149750E-02
  3268   0.149624E-02
  3269   0.149499E-02
  3270   0.149373E-02
  3271   0.149248E-02
  3272   0.149123E-02
  3273   0.148999E-02
  3274   0.148874E-02
  3275   0.148750E-02
  3276   0.148625E-02
  3277   0.148501E-02
  3278   0.148377E-02
  3279   0.148253E-02
  3280   0.148129E-02
  3281   0.148005E-02
  3282   0.147882E-02
  3283   0.147760E-02
  3284   0.147637E-02
  3285   0.147515E-02
  3286   0.147394E-02
  3287   0.147273E-02
  3288   0.147154E-02
  3289   0.147035E-02
  3290   0.146916E-02
  3291   0.146797E-02
  3292   0.146678E-02
  3293   0.146559E-02
  3294   0.146441E-02
  3295   0.146322E-02
  3296   0.146204E-02
  3297   0.146086E-02
  3298   0.145968E-02
  3299   0.145849E-02
  3300   0.145730E-02
  3301   0.145610E-02
  3302   0.145491E-02
  3303   0.145372E-02
  3304   0.145252E-02
  3305   0.145132E-02
  3306   0.145012E-02
  3307   0.144892E-02
  3308   0.144772E-02
  3309   0.144652E-02
  3310   0.144532E-02
  3311   0.144411E-02
  3312   0.144290E-02
  3313   0.144169E-02
  3314   0.144048E-02
  3315   0.143927E-02
  3316   0.143806E-02
  3317   0.143685E-02
  3318   0.143564E-02
  3319   0.143443E-02
  3320   0.143321E-02
  3321   0.143200E-02
  3322   0.143078E-02
  3323   0.142956E-02
  3324   0.142835E-02
  3325   0.142714E-02
  3326   0.142593E-02
  3327   0.142472E-02
  3328   0.142351E-02
  3329   0.142230E-02
  3330   0.142110E-02
  3331   0.141989E-02
  3332   0.141868E-02
  3333   0.141747E-02
  3334   0.141627E-02
  3335   0.141506E-02
  3336   0.141386E-02
  3337   0.141266E-02
  3338   0.141147E-02
  3339   0.141029E-02
  3340   0.140913E-02
  3341   0.140798E-02
  3342   0.140682E-02
  3343   0.140567E-02
  3344   0.140451E-02
  3345   0.140336E-02
  3346   0.140220E-02
  3347   0.140104E-02
  3348   0.139988E-02
  3349   0.139873E-02
  3350   0.139757E-02
  3351   0.139642E-02
  3352   0.139527E-02
  3353   0.139412E-02
  3354   0.139298E-02
  3355   0.139182E-02
  3356   0.139064E-02
  3357   0.138947E-02
  3358   0.138830E-02
  3359   0.138712E-02
  3360   0.138596E-02
  3361   0.138479E-02
  3362   0.138358E-02
  3363   0.138236E-02
  3364   0.138115E-02
  3365   0.137995E-02
  3366   0.137876E-02
  3367   0.137757E-02
  3368   0.137639E-02
  3369   0.137521E-02
  3370   0.137404E-02
  3371   0.137286E-02
  3372   0.137167E-02
  3373   0.137049E-02
  3374   0.136932E-02
  3375   0.136813E-02
  3376   0.136694E-02
  3377   0.136575E-02
  3378   0.136456E-02
  3379   0.136335E-02
  3380   0.136215E-02
  3381   0.136096E-02
  3382   0.135976E-02
  3383   0.135856E-02
  3384   0.135735E-02
  3385   0.135613E-02
  3386   0.135491E-02
  3387   0.135368E-02
  3388   0.135241E-02
  3389   0.135114E-02
  3390   0.134986E-02
  3391   0.134858E-02
  3392   0.134729E-02
  3393   0.134601E-02
  3394   0.134473E-02
  3395   0.134342E-02
  3396   0.134206E-02
  3397   0.134070E-02
  3398   0.133935E-02
  3399   0.133800E-02
  3400   0.133666E-02
  3401   0.133531E-02
  3402   0.133398E-02
  3403   0.133264E-02
  3404   0.133132E-02
  3405   0.133000E-02
  3406   0.132869E-02
  3407   0.132738E-02
  3408   0.132608E-02
  3409   0.132479E-02
  3410   0.132350E-02
  3411   0.132221E-02
  3412   0.132093E-02
  3413   0.131966E-02
  3414   0.131840E-02
  3415   0.131714E-02
  3416   0.131589E-02
  3417   0.131463E-02
  3418   0.131337E-02
  3419   0.131210E-02
  3420   0.131084E-02
  3421   0.130958E-02
  3422   0.130833E-02
  3423   0.130709E-02
  3424   0.130584E-02
  3425   0.130460E-02
  3426   0.130336E-02
  3427   0.130213E-02
  3428   0.130090E-02
  3429   0.129967E-02
  3430   0.129844E-02
  3431   0.129722E-02
  3432   0.129599E-02
  3433   0.129476E-02
  3434   0.129353E-02
  3435   0.129231E-02
  3436   0.129108E-02
  3437   0.128985E-02
  3438   0.128862E-02
  3439   0.128738E-02
  3440   0.128614E-02
  3441   0.128491E-02
  3442   0.128368E-02
  3443   0.128244E-02
  3444   0.128120E-02
  3445   0.127997E-02
  3446   0.127874E-02
  3447   0.127751E-02
  3448   0.127628E-02
  3449   0.127505E-02
  3450   0.127382E-02
  3451   0.127259E-02
  3452   0.127136E-02
  3453   0.127013E-02
  3454   0.126891E-02
  3455   0.126768E-02
  3456   0.126646E-02
  3457   0.126523E-02
  3458   0.126401E-02
  3459   0.126279E-02
  3460   0.126156E-02
  3461   0.126035E-02
  3462   0.125913E-02
  3463   0.125791E-02
  3464   0.125669E-02
  3465   0.125548E-02
  3466   0.125427E-02
  3467   0.125303E-02
  3468   0.125180E-02
  3469   0.125057E-02
  3470   0.124934E-02
  3471   0.124811E-02
  3472   0.124689E-02
  3473   0.124566E-02
  3474   0.124444E-02
  3475   0.124321E-02
  3476   0.124199E-02
  3477   0.124075E-02
  3478   0.123950E-02
  3479   0.123826E-02
  3480   0.123702E-02
  3481   0.123579E-02
  3482   0.123456E-02
  3483   0.123333E-02
  3484   0.123208E-02
  3485   0.123079E-02
  3486   0.122950E-02
  3487   0.122822E-02
  3488   0.122695E-02
  3489   0.122568E-02
  3490   0.122441E-02
  3491   0.122314E-02
  3492   0.122187E-02
  3493   0.122061E-02
  3494   0.121936E-02
  3495   0.121811E-02
  3496   0.121687E-02
  3497   0.121564E-02
  3498   0.121440E-02
  3499   0.121317E-02
  3500   0.121194E-02
  3501   0.121072E-02
  3502   0.120950E-02
  3503   0.120829E-02
  3504   0.120708E-02
  3505   0.120587E-02
  3506   0.120466E-02
  3507   0.120346E-02
  3508   0.120227E-02
  3509   0.120109E-02
  3510   0.119991E-02
  3511   0.119873E-02
  3512   0.119756E-02
  3513   0.119640E-02
  3514   0.119525E-02
  3515   0.119412E-02
  3516   0.119298E-02
  3517   0.119186E-02
  3518   0.119074E-02
  3519   0.118963E-02
  3520   0.118852E-02
  3521   0.118741E-02
  3522   0.118631E-02
  3523   0.118521E-02
  3524   0.118412E-02
  3525   0.118305E-02
  3526   0.118200E-02
  3527   0.118094E-02
  3528   0.117989E-02
  3529   0.117885E-02
  3530   0.117781E-02
  3531   0.117677E-02
  3532   0.117573E-02
  3533   0.117469E-02
  3534   0.117365E-02
  3535   0.117261E-02
  3536   0.117156E-02
  3537   0.117052E-02
  3538   0.116944E-02
  3539   0.116835E-02
  3540   0.116725E-02
  3541   0.116615E-02
  3542   0.116505E-02
  3543   0.116394E-02
  3544   0.116282E-02
  3545   0.116170E-02
  3546   0.116058E-02
  3547   0.115946E-02
  3548   0.115833E-02
  3549   0.115719E-02
  3550   0.115605E-02
  3551   0.115487E-02
  3552   0.115370E-02
  3553   0.115252E-02
  3554   0.115134E-02
  3555   0.115014E-02
  3556   0.114893E-02
  3557   0.114771E-02
  3558   0.114648E-02
  3559   0.114525E-02
  3560   0.114401E-02
  3561   0.114277E-02
  3562   0.114152E-02
  3563   0.114026E-02
  3564   0.113900E-02
  3565   0.113773E-02
  3566   0.113645E-02
  3567   0.113517E-02
  3568   0.113389E-02
  3569   0.113259E-02
  3570   0.113130E-02
  3571   0.113000E-02
  3572   0.112870E-02
  3573   0.112739E-02
  3574   0.112608E-02
  3575   0.112477E-02
  3576   0.112345E-02
  3577   0.112214E-02
  3578   0.112082E-02
  3579   0.111949E-02
  3580   0.111817E-02
  3581   0.111684E-02
  3582   0.111551E-02
  3583   0.111417E-02
  3584   0.111283E-02
  3585   0.111147E-02
  3586   0.111009E-02
  3587   0.110872E-02
  3588   0.110733E-02
  3589   0.110593E-02
  3590   0.110454E-02
  3591   0.110315E-02
  3592   0.110176E-02
  3593   0.110038E-02
  3594   0.109901E-02
  3595   0.109764E-02
  3596   0.109627E-02
  3597   0.109491E-02
  3598   0.109354E-02
  3599   0.109216E-02
  3600   0.109078E-02
  3601   0.108941E-02
  3602   0.108805E-02
  3603   0.108669E-02
  3604   0.108533E-02
  3605   0.108398E-02
  3606   0.108264E-02
  3607   0.108131E-02
  3608   0.107998E-02
  3609   0.107866E-02
  3610   0.107734E-02
  3611   0.107603E-02
  3612   0.107473E-02
  3613   0.107343E-02
  3614   0.107213E-02
  3615   0.107083E-02
  3616   0.106951E-02
  3617   0.106819E-02
  3618   0.106688E-02
  3619   0.106557E-02
  3620   0.106427E-02
  3621   0.106298E-02
  3622   0.106170E-02
  3623   0.106042E-02
  3624   0.105915E-02
  3625   0.105788E-02
  3626   0.105661E-02
  3627   0.105534E-02
  3628   0.105406E-02
  3629   0.105279E-02
  3630   0.105153E-02
  3631   0.105026E-02
  3632   0.104900E-02
  3633   0.104774E-02
  3634   0.104649E-02
  3635   0.104524E-02
  3636   0.104400E-02
  3637   0.104276E-02
  3638   0.104153E-02
  3639   0.104031E-02
  3640   0.103909E-02
  3641   0.103788E-02
  3642   0.103667E-02
  3643   0.103547E-02
  3644   0.103426E-02
  3645   0.103304E-02
  3646   0.103181E-02
  3647   0.103057E-02
  3648   0.102934E-02
  3649   0.102811E-02
  3650   0.102690E-02
  3651   0.102570E-02
  3652   0.102450E-02
  3653   0.102331E-02
  3654   0.102212E-02
  3655   0.102094E-02
  3656   0.101976E-02
  3657   0.101858E-02
  3658   0.101741E-02
  3659   0.101625E-02
  3660   0.101509E-02
  3661   0.101394E-02
  3662   0.101279E-02
  3663   0.101165E-02
  3664   0.101051E-02
  3665   0.100938E-02
  3666   0.100824E-02
  3667   0.100711E-02
  3668   0.100598E-02
  3669   0.100485E-02
  3670   0.100372E-02
  3671   0.100260E-02
  3672   0.100148E-02
  3673   0.100036E-02
