# Iteration RMS error
     1    1.00000    
     2   0.468867    
     3   0.468519    
     4   0.440529    
     5   0.416543    
     6   0.394886    
     7   0.375733    
     8   0.358608    
     9   0.341601    
    10   0.324398    
    11   0.308656    
    12   0.294757    
    13   0.282965    
    14   0.273267    
    15   0.264699    
    16   0.257053    
    17   0.250277    
    18   0.244068    
    19   0.238931    
    20   0.234530    
    21   0.231079    
    22   0.228082    
    23   0.225193    
    24   0.223059    
    25   0.220891    
    26   0.218703    
    27   0.217464    
    28   0.215558    
    29   0.213673    
    30   0.212160    
    31   0.210049    
    32   0.207726    
    33   0.205821    
    34   0.202903    
    35   0.201150    
    36   0.199298    
    37   0.196821    
    38   0.195063    
    39   0.193410    
    40   0.191096    
    41   0.189379    
    42   0.187926    
    43   0.185689    
    44   0.184030    
    45   0.182601    
    46   0.180601    
    47   0.179262    
    48   0.177805    
    49   0.175834    
    50   0.174513    
    51   0.173328    
    52   0.171583    
    53   0.170348    
    54   0.169277    
    55   0.167684    
    56   0.166520    
    57   0.165688    
    58   0.164020    
    59   0.162878    
    60   0.161949    
    61   0.160336    
    62   0.159141    
    63   0.158331    
    64   0.156618    
    65   0.155523    
    66   0.154765    
    67   0.153401    
    68   0.152330    
    69   0.151689    
    70   0.150328    
    71   0.149202    
    72   0.148416    
    73   0.147168    
    74   0.145938    
    75   0.145209    
    76   0.144046    
    77   0.143026    
    78   0.142218    
    79   0.141159    
    80   0.139950    
    81   0.139151    
    82   0.138391    
    83   0.137066    
    84   0.136200    
    85   0.135472    
    86   0.134276    
    87   0.133419    
    88   0.132811    
    89   0.131601    
    90   0.130675    
    91   0.129885    
    92   0.128915    
    93   0.127794    
    94   0.127038    
    95   0.126150    
    96   0.125016    
    97   0.124238    
    98   0.123443    
    99   0.122278    
   100   0.121354    
   101   0.120669    
   102   0.119711    
   103   0.118813    
   104   0.118161    
   105   0.117389    
   106   0.116355    
   107   0.115506    
   108   0.114821    
   109   0.113885    
   110   0.113056    
   111   0.112440    
   112   0.111742    
   113   0.110804    
   114   0.110079    
   115   0.109460    
   116   0.108733    
   117   0.107972    
   118   0.107395    
   119   0.106804    
   120   0.105966    
   121   0.105237    
   122   0.104690    
   123   0.104170    
   124   0.103486    
   125   0.102955    
   126   0.102465    
   127   0.101889    
   128   0.101243    
   129   0.100792    
   130   0.100483    
   131   0.100137    
   132   0.995931E-01
   133   0.991020E-01
   134   0.987204E-01
   135   0.982475E-01
   136   0.977343E-01
   137   0.974074E-01
   138   0.970973E-01
   139   0.968394E-01
   140   0.964162E-01
   141   0.959455E-01
   142   0.955967E-01
   143   0.953356E-01
   144   0.950247E-01
   145   0.946992E-01
   146   0.943839E-01
   147   0.940956E-01
   148   0.936077E-01
   149   0.933769E-01
   150   0.931912E-01
   151   0.928821E-01
   152   0.926134E-01
   153   0.922342E-01
   154   0.918977E-01
   155   0.915612E-01
   156   0.911215E-01
   157   0.908421E-01
   158   0.906789E-01
   159   0.903356E-01
   160   0.898747E-01
   161   0.894351E-01
   162   0.890871E-01
   163   0.888378E-01
   164   0.885750E-01
   165   0.882606E-01
   166   0.877288E-01
   167   0.873254E-01
   168   0.869618E-01
   169   0.865455E-01
   170   0.861796E-01
   171   0.857159E-01
   172   0.853783E-01
   173   0.847376E-01
   174   0.840219E-01
   175   0.832283E-01
   176   0.824413E-01
   177   0.817254E-01
   178   0.810638E-01
   179   0.800851E-01
   180   0.792229E-01
   181   0.782810E-01
   182   0.773104E-01
   183   0.762906E-01
   184   0.756372E-01
   185   0.750917E-01
   186   0.745343E-01
   187   0.736992E-01
   188   0.726245E-01
   189   0.717419E-01
   190   0.709093E-01
   191   0.702321E-01
   192   0.695558E-01
   193   0.688422E-01
   194   0.680701E-01
   195   0.673856E-01
   196   0.668589E-01
   197   0.664007E-01
   198   0.659741E-01
   199   0.654441E-01
   200   0.648850E-01
   201   0.644781E-01
   202   0.641154E-01
   203   0.638190E-01
   204   0.635017E-01
   205   0.630269E-01
   206   0.626620E-01
   207   0.624384E-01
   208   0.621622E-01
   209   0.617901E-01
   210   0.614161E-01
   211   0.609861E-01
   212   0.606606E-01
   213   0.604155E-01
   214   0.602140E-01
   215   0.599896E-01
   216   0.597254E-01
   217   0.593664E-01
   218   0.590369E-01
   219   0.588103E-01
   220   0.586481E-01
   221   0.583807E-01
   222   0.580374E-01
   223   0.576902E-01
   224   0.573966E-01
   225   0.572800E-01
   226   0.571204E-01
   227   0.568920E-01
   228   0.565362E-01
   229   0.562435E-01
   230   0.560455E-01
   231   0.559265E-01
   232   0.557842E-01
   233   0.555237E-01
   234   0.552246E-01
   235   0.550194E-01
   236   0.549067E-01
   237   0.547293E-01
   238   0.545206E-01
   239   0.542462E-01
   240   0.540290E-01
   241   0.538613E-01
   242   0.537044E-01
   243   0.535111E-01
   244   0.533132E-01
   245   0.530259E-01
   246   0.527991E-01
   247   0.526442E-01
   248   0.525135E-01
   249   0.523099E-01
   250   0.520694E-01
   251   0.517545E-01
   252   0.514281E-01
   253   0.512284E-01
   254   0.510404E-01
   255   0.508175E-01
   256   0.504944E-01
   257   0.500826E-01
   258   0.496564E-01
   259   0.492771E-01
   260   0.488595E-01
   261   0.484251E-01
   262   0.479649E-01
   263   0.475324E-01
   264   0.471140E-01
   265   0.467122E-01
   266   0.463197E-01
   267   0.459341E-01
   268   0.455876E-01
   269   0.452562E-01
   270   0.449380E-01
   271   0.445912E-01
   272   0.442377E-01
   273   0.439444E-01
   274   0.436983E-01
   275   0.434622E-01
   276   0.432096E-01
   277   0.429641E-01
   278   0.426546E-01
   279   0.423831E-01
   280   0.421551E-01
   281   0.419523E-01
   282   0.417322E-01
   283   0.415030E-01
   284   0.412698E-01
   285   0.410180E-01
   286   0.407690E-01
   287   0.405470E-01
   288   0.403330E-01
   289   0.401024E-01
   290   0.398623E-01
   291   0.396102E-01
   292   0.393398E-01
   293   0.390702E-01
   294   0.388297E-01
   295   0.385977E-01
   296   0.383706E-01
   297   0.381421E-01
   298   0.379240E-01
   299   0.376976E-01
   300   0.374768E-01
   301   0.372614E-01
   302   0.370526E-01
   303   0.368520E-01
   304   0.366558E-01
   305   0.364627E-01
   306   0.362651E-01
   307   0.360546E-01
   308   0.358389E-01
   309   0.356406E-01
   310   0.354518E-01
   311   0.352556E-01
   312   0.350527E-01
   313   0.348519E-01
   314   0.346486E-01
   315   0.344476E-01
   316   0.342557E-01
   317   0.340700E-01
   318   0.338903E-01
   319   0.337168E-01
   320   0.335497E-01
   321   0.333806E-01
   322   0.332126E-01
   323   0.330454E-01
   324   0.328675E-01
   325   0.326778E-01
   326   0.325037E-01
   327   0.323216E-01
   328   0.321443E-01
   329   0.319701E-01
   330   0.317981E-01
   331   0.316240E-01
   332   0.314526E-01
   333   0.312866E-01
   334   0.311273E-01
   335   0.309573E-01
   336   0.307910E-01
   337   0.306436E-01
   338   0.305102E-01
   339   0.303863E-01
   340   0.302262E-01
   341   0.300789E-01
   342   0.299334E-01
   343   0.297950E-01
   344   0.296519E-01
   345   0.295150E-01
   346   0.293786E-01
   347   0.292333E-01
   348   0.291219E-01
   349   0.290123E-01
   350   0.289049E-01
   351   0.287589E-01
   352   0.286011E-01
   353   0.284433E-01
   354   0.282924E-01
   355   0.281483E-01
   356   0.280167E-01
   357   0.278465E-01
   358   0.276852E-01
   359   0.275452E-01
   360   0.273757E-01
   361   0.272434E-01
   362   0.271082E-01
   363   0.269609E-01
   364   0.268329E-01
   365   0.267069E-01
   366   0.265646E-01
   367   0.264030E-01
   368   0.261846E-01
   369   0.260305E-01
   370   0.258268E-01
   371   0.255854E-01
   372   0.253696E-01
   373   0.251823E-01
   374   0.250089E-01
   375   0.248341E-01
   376   0.246671E-01
   377   0.244999E-01
   378   0.243275E-01
   379   0.241388E-01
   380   0.239436E-01
   381   0.236985E-01
   382   0.234852E-01
   383   0.232629E-01
   384   0.230471E-01
   385   0.228656E-01
   386   0.227063E-01
   387   0.225568E-01
   388   0.224167E-01
   389   0.222735E-01
   390   0.221511E-01
   391   0.220083E-01
   392   0.218712E-01
   393   0.217316E-01
   394   0.215722E-01
   395   0.214004E-01
   396   0.212179E-01
   397   0.210480E-01
   398   0.208459E-01
   399   0.206666E-01
   400   0.205196E-01
   401   0.203538E-01
   402   0.201590E-01
   403   0.199467E-01
   404   0.197178E-01
   405   0.194724E-01
   406   0.192071E-01
   407   0.189249E-01
   408   0.186346E-01
   409   0.183264E-01
   410   0.180162E-01
   411   0.177218E-01
   412   0.174335E-01
   413   0.171547E-01
   414   0.168844E-01
   415   0.166309E-01
   416   0.163879E-01
   417   0.161563E-01
   418   0.159410E-01
   419   0.157490E-01
   420   0.155794E-01
   421   0.154225E-01
   422   0.152725E-01
   423   0.151285E-01
   424   0.149902E-01
   425   0.148593E-01
   426   0.147420E-01
   427   0.146316E-01
   428   0.145179E-01
   429   0.143906E-01
   430   0.142687E-01
   431   0.141522E-01
   432   0.140386E-01
   433   0.139340E-01
   434   0.138342E-01
   435   0.137344E-01
   436   0.136281E-01
   437   0.135144E-01
   438   0.133798E-01
   439   0.132453E-01
   440   0.131118E-01
   441   0.129818E-01
   442   0.128618E-01
   443   0.127498E-01
   444   0.126474E-01
   445   0.125530E-01
   446   0.124641E-01
   447   0.123785E-01
   448   0.122938E-01
   449   0.122108E-01
   450   0.121294E-01
   451   0.120494E-01
   452   0.119666E-01
   453   0.118880E-01
   454   0.118116E-01
   455   0.117388E-01
   456   0.116676E-01
   457   0.115983E-01
   458   0.115296E-01
   459   0.114619E-01
   460   0.113926E-01
   461   0.113241E-01
   462   0.112547E-01
   463   0.111858E-01
   464   0.111173E-01
   465   0.110502E-01
   466   0.109843E-01
   467   0.109200E-01
   468   0.108610E-01
   469   0.108073E-01
   470   0.107565E-01
   471   0.107086E-01
   472   0.106617E-01
   473   0.106140E-01
   474   0.105689E-01
   475   0.105237E-01
   476   0.104783E-01
   477   0.104339E-01
   478   0.103911E-01
   479   0.103504E-01
   480   0.103106E-01
   481   0.102719E-01
   482   0.102338E-01
   483   0.101955E-01
   484   0.101577E-01
   485   0.101199E-01
   486   0.100826E-01
   487   0.100458E-01
   488   0.100091E-01
   489   0.997249E-02
   490   0.993599E-02
   491   0.990033E-02
   492   0.986525E-02
   493   0.983039E-02
   494   0.979577E-02
   495   0.976156E-02
   496   0.972826E-02
   497   0.969501E-02
   498   0.966027E-02
   499   0.962340E-02
   500   0.958857E-02
   501   0.955451E-02
   502   0.952092E-02
   503   0.948782E-02
   504   0.945300E-02
   505   0.942026E-02
   506   0.938937E-02
   507   0.935947E-02
   508   0.932947E-02
   509   0.929924E-02
   510   0.926803E-02
   511   0.923612E-02
   512   0.920350E-02
   513   0.917086E-02
   514   0.913848E-02
   515   0.910621E-02
   516   0.907400E-02
   517   0.904219E-02
   518   0.901001E-02
   519   0.897818E-02
   520   0.894677E-02
   521   0.891591E-02
   522   0.888535E-02
   523   0.885507E-02
   524   0.882516E-02
   525   0.879556E-02
   526   0.876638E-02
   527   0.873753E-02
   528   0.870894E-02
   529   0.868050E-02
   530   0.865214E-02
   531   0.862341E-02
   532   0.859448E-02
   533   0.856596E-02
   534   0.853772E-02
   535   0.850957E-02
   536   0.848142E-02
   537   0.845338E-02
   538   0.842545E-02
   539   0.839776E-02
   540   0.837023E-02
   541   0.834268E-02
   542   0.831549E-02
   543   0.828847E-02
   544   0.826171E-02
   545   0.823488E-02
   546   0.820827E-02
   547   0.818170E-02
   548   0.815512E-02
   549   0.812843E-02
   550   0.810165E-02
   551   0.807487E-02
   552   0.804793E-02
   553   0.802104E-02
   554   0.799420E-02
   555   0.796746E-02
   556   0.794082E-02
   557   0.791421E-02
   558   0.788778E-02
   559   0.786134E-02
   560   0.783534E-02
   561   0.780933E-02
   562   0.778412E-02
   563   0.775927E-02
   564   0.773431E-02
   565   0.770924E-02
   566   0.768420E-02
   567   0.765911E-02
   568   0.763404E-02
   569   0.760904E-02
   570   0.758419E-02
   571   0.755957E-02
   572   0.753514E-02
   573   0.751086E-02
   574   0.748661E-02
   575   0.746261E-02
   576   0.743840E-02
   577   0.741389E-02
   578   0.738917E-02
   579   0.736385E-02
   580   0.733852E-02
   581   0.731322E-02
   582   0.728802E-02
   583   0.726320E-02
   584   0.723893E-02
   585   0.721506E-02
   586   0.719114E-02
   587   0.716723E-02
   588   0.714341E-02
   589   0.711949E-02
   590   0.709550E-02
   591   0.707144E-02
   592   0.704737E-02
   593   0.702335E-02
   594   0.699948E-02
   595   0.697584E-02
   596   0.695251E-02
   597   0.692911E-02
   598   0.690573E-02
   599   0.688244E-02
   600   0.685924E-02
   601   0.683616E-02
   602   0.681324E-02
   603   0.679045E-02
   604   0.676782E-02
   605   0.674550E-02
   606   0.672342E-02
   607   0.670154E-02
   608   0.667979E-02
   609   0.665821E-02
   610   0.663669E-02
   611   0.661526E-02
   612   0.659390E-02
   613   0.657261E-02
   614   0.655138E-02
   615   0.653015E-02
   616   0.650891E-02
   617   0.648750E-02
   618   0.646589E-02
   619   0.644423E-02
   620   0.642238E-02
   621   0.640042E-02
   622   0.637847E-02
   623   0.635653E-02
   624   0.633476E-02
   625   0.631303E-02
   626   0.629125E-02
   627   0.626960E-02
   628   0.624805E-02
   629   0.622657E-02
   630   0.620517E-02
   631   0.618385E-02
   632   0.616255E-02
   633   0.614127E-02
   634   0.611999E-02
   635   0.609872E-02
   636   0.607763E-02
   637   0.605652E-02
   638   0.603521E-02
   639   0.601380E-02
   640   0.599247E-02
   641   0.597078E-02
   642   0.594932E-02
   643   0.592809E-02
   644   0.590706E-02
   645   0.588622E-02
   646   0.586555E-02
   647   0.584511E-02
   648   0.582466E-02
   649   0.580438E-02
   650   0.578429E-02
   651   0.576419E-02
   652   0.574403E-02
   653   0.572383E-02
   654   0.570364E-02
   655   0.568319E-02
   656   0.566269E-02
   657   0.564215E-02
   658   0.562173E-02
   659   0.560146E-02
   660   0.558125E-02
   661   0.556115E-02
   662   0.554112E-02
   663   0.552112E-02
   664   0.550112E-02
   665   0.548104E-02
   666   0.546085E-02
   667   0.544056E-02
   668   0.542024E-02
   669   0.539997E-02
   670   0.537950E-02
   671   0.535904E-02
   672   0.533869E-02
   673   0.531840E-02
   674   0.529804E-02
   675   0.527757E-02
   676   0.525698E-02
   677   0.523623E-02
   678   0.521538E-02
   679   0.519452E-02
   680   0.517365E-02
   681   0.515286E-02
   682   0.513221E-02
   683   0.511168E-02
   684   0.509125E-02
   685   0.507092E-02
   686   0.505069E-02
   687   0.503035E-02
   688   0.501001E-02
   689   0.498975E-02
   690   0.496959E-02
   691   0.494951E-02
   692   0.492947E-02
   693   0.490943E-02
   694   0.488935E-02
   695   0.486923E-02
   696   0.484907E-02
   697   0.482884E-02
   698   0.480854E-02
   699   0.478820E-02
   700   0.476783E-02
   701   0.474741E-02
   702   0.472696E-02
   703   0.470652E-02
   704   0.468609E-02
   705   0.466567E-02
   706   0.464525E-02
   707   0.462484E-02
   708   0.460444E-02
   709   0.458406E-02
   710   0.456370E-02
   711   0.454336E-02
   712   0.452303E-02
   713   0.450273E-02
   714   0.448239E-02
   715   0.446211E-02
   716   0.444183E-02
   717   0.442154E-02
   718   0.440126E-02
   719   0.438098E-02
   720   0.436072E-02
   721   0.434043E-02
   722   0.432016E-02
   723   0.429989E-02
   724   0.427963E-02
   725   0.425939E-02
   726   0.423917E-02
   727   0.421897E-02
   728   0.419878E-02
   729   0.417860E-02
   730   0.415843E-02
   731   0.413827E-02
   732   0.411812E-02
   733   0.409799E-02
   734   0.407787E-02
   735   0.405779E-02
   736   0.403773E-02
   737   0.401768E-02
   738   0.399765E-02
   739   0.397764E-02
   740   0.395763E-02
   741   0.393760E-02
   742   0.391758E-02
   743   0.389757E-02
   744   0.387753E-02
   745   0.385749E-02
   746   0.383741E-02
   747   0.381731E-02
   748   0.379718E-02
   749   0.377701E-02
   750   0.375678E-02
   751   0.373653E-02
   752   0.371629E-02
   753   0.369606E-02
   754   0.367584E-02
   755   0.365563E-02
   756   0.363544E-02
   757   0.361524E-02
   758   0.359505E-02
   759   0.357486E-02
   760   0.355467E-02
   761   0.353446E-02
   762   0.351426E-02
   763   0.349403E-02
   764   0.347379E-02
   765   0.345353E-02
   766   0.343325E-02
   767   0.341296E-02
   768   0.339274E-02
   769   0.337257E-02
   770   0.335240E-02
   771   0.333221E-02
   772   0.331207E-02
   773   0.329189E-02
   774   0.327168E-02
   775   0.325142E-02
   776   0.323114E-02
   777   0.321082E-02
   778   0.319047E-02
   779   0.317009E-02
   780   0.314963E-02
   781   0.312927E-02
   782   0.310888E-02
   783   0.308846E-02
   784   0.306802E-02
   785   0.304758E-02
   786   0.302712E-02
   787   0.300665E-02
   788   0.298617E-02
   789   0.296570E-02
   790   0.294526E-02
   791   0.292484E-02
   792   0.290444E-02
   793   0.288415E-02
   794   0.286400E-02
   795   0.284378E-02
   796   0.282364E-02
   797   0.280359E-02
   798   0.278361E-02
   799   0.276370E-02
   800   0.274386E-02
   801   0.272407E-02
   802   0.270434E-02
   803   0.268468E-02
   804   0.266505E-02
   805   0.264549E-02
   806   0.262593E-02
   807   0.260645E-02
   808   0.258707E-02
   809   0.256777E-02
   810   0.254865E-02
   811   0.252966E-02
   812   0.251063E-02
   813   0.249158E-02
   814   0.247251E-02
   815   0.245343E-02
   816   0.243437E-02
   817   0.241529E-02
   818   0.239624E-02
   819   0.237721E-02
   820   0.235823E-02
   821   0.233933E-02
   822   0.232052E-02
   823   0.230182E-02
   824   0.228323E-02
   825   0.226474E-02
   826   0.224631E-02
   827   0.222793E-02
   828   0.220971E-02
   829   0.219163E-02
   830   0.217363E-02
   831   0.215568E-02
   832   0.213782E-02
   833   0.212005E-02
   834   0.210237E-02
   835   0.208482E-02
   836   0.206744E-02
   837   0.205015E-02
   838   0.203294E-02
   839   0.201577E-02
   840   0.199864E-02
   841   0.198157E-02
   842   0.196458E-02
   843   0.194766E-02
   844   0.193082E-02
   845   0.191406E-02
   846   0.189742E-02
   847   0.188091E-02
   848   0.186450E-02
   849   0.184810E-02
   850   0.183182E-02
   851   0.181569E-02
   852   0.179965E-02
   853   0.178367E-02
   854   0.176764E-02
   855   0.175163E-02
   856   0.173562E-02
   857   0.171965E-02
   858   0.170361E-02
   859   0.168750E-02
   860   0.167123E-02
   861   0.165501E-02
   862   0.163871E-02
   863   0.162238E-02
   864   0.160592E-02
   865   0.158939E-02
   866   0.157285E-02
   867   0.155635E-02
   868   0.153999E-02
   869   0.152376E-02
   870   0.150771E-02
   871   0.149181E-02
   872   0.147605E-02
   873   0.146044E-02
   874   0.144495E-02
   875   0.142958E-02
   876   0.141433E-02
   877   0.139921E-02
   878   0.138422E-02
   879   0.136903E-02
   880   0.135398E-02
   881   0.133902E-02
   882   0.132414E-02
   883   0.130941E-02
   884   0.129485E-02
   885   0.128046E-02
   886   0.126626E-02
   887   0.125221E-02
   888   0.123831E-02
   889   0.122463E-02
   890   0.121126E-02
   891   0.119813E-02
   892   0.118521E-02
   893   0.117244E-02
   894   0.115979E-02
   895   0.114723E-02
   896   0.113475E-02
   897   0.112234E-02
   898   0.111001E-02
   899   0.109776E-02
   900   0.108559E-02
   901   0.107351E-02
   902   0.106152E-02
   903   0.104963E-02
   904   0.103784E-02
   905   0.102615E-02
   906   0.101455E-02
   907   0.100305E-02
   908   0.991663E-03
